/*--------------------------------*- C++ -*----------------------------------*\
  =========                 |
  \\      /  F ield         | OpenFOAM: The Open Source CFD Toolbox
   \\    /   O peration     | Website:  https://openfoam.org
    \\  /    A nd           | Version:  10
     \\/     M anipulation  |
\*---------------------------------------------------------------------------*/
FoamFile
{
    format      ascii;
    class       volVectorField;
    location    "2500";
    object      U;
}
// * * * * * * * * * * * * * * * * * * * * * * * * * * * * * * * * * * * * * //

dimensions      [0 1 -1 0 0 0 0];

internalField   nonuniform List<vector> 
400
(
(0.0222012 -2.38007e-08 0)
(0.0222013 -3.75944e-10 0)
(0.0222031 -6.89879e-10 0)
(0.0222039 4.8823e-10 0)
(0.0667143 -3.99936e-08 0)
(0.066715 -1.83279e-08 0)
(0.0667204 -2.50267e-08 0)
(0.0667227 1.88272e-08 0)
(0.111641 1.18576e-08 0)
(0.111642 -5.57129e-08 0)
(0.111651 -7.05641e-08 0)
(0.111655 5.65644e-08 0)
(0.156945 8.64191e-08 0)
(0.156947 -1.17385e-07 0)
(0.15696 -1.42434e-07 0)
(0.156965 1.18622e-07 0)
(0.202496 1.84043e-07 0)
(0.2025 -2.05997e-07 0)
(0.202517 -2.38659e-07 0)
(0.202522 2.07582e-07 0)
(0.247964 3.02817e-07 0)
(0.247971 -3.23903e-07 0)
(0.247991 -3.56689e-07 0)
(0.247996 3.25804e-07 0)
(0.292754 4.37797e-07 0)
(0.292762 -4.69678e-07 0)
(0.292785 -4.90894e-07 0)
(0.29279 4.71875e-07 0)
(0.336074 5.79198e-07 0)
(0.336084 -6.33914e-07 0)
(0.336107 -6.31449e-07 0)
(0.336111 6.36376e-07 0)
(0.377164 7.14086e-07 0)
(0.377173 -7.98537e-07 0)
(0.377194 -7.65514e-07 0)
(0.377197 8.0124e-07 0)
(0.415507 8.29831e-07 0)
(0.415513 -9.39433e-07 0)
(0.41553 -8.80471e-07 0)
(0.415532 9.42347e-07 0)
(0.450903 9.17559e-07 0)
(0.450903 -1.03178e-06 0)
(0.450916 -9.67437e-07 0)
(0.450917 1.03488e-06 0)
(0.483401 9.73279e-07 0)
(0.483393 -1.05888e-06 0)
(0.483401 -1.02244e-06 0)
(0.483401 1.06215e-06 0)
(0.513221 9.91004e-07 0)
(0.513212 -1.05065e-06 0)
(0.513215 -1.03947e-06 0)
(0.513212 1.05408e-06 0)
(0.540691 9.74886e-07 0)
(0.540685 -1.01661e-06 0)
(0.540686 -1.0227e-06 0)
(0.540679 1.02017e-06 0)
(0.566089 9.25309e-07 0)
(0.566088 -9.92964e-07 0)
(0.566087 -9.72484e-07 0)
(0.566077 9.9665e-07 0)
(0.589614 8.49596e-07 0)
(0.589616 -9.83439e-07 0)
(0.589613 -8.96169e-07 0)
(0.589601 9.87233e-07 0)
(0.611444 7.55507e-07 0)
(0.611449 -9.86312e-07 0)
(0.611445 -8.01497e-07 0)
(0.611432 9.90207e-07 0)
(0.631745 6.49881e-07 0)
(0.631752 -9.9965e-07 0)
(0.631748 -6.95314e-07 0)
(0.631733 1.00363e-06 0)
(0.650669 5.38654e-07 0)
(0.650678 -1.02144e-06 0)
(0.650673 -5.8355e-07 0)
(0.650659 1.0255e-06 0)
(0.668354 4.2682e-07 0)
(0.668365 -1.04913e-06 0)
(0.668359 -4.712e-07 0)
(0.668347 1.05327e-06 0)
(0.684929 3.18497e-07 0)
(0.68494 -1.08023e-06 0)
(0.684935 -3.62376e-07 0)
(0.684923 1.08444e-06 0)
(0.700508 2.16881e-07 0)
(0.700519 -1.11257e-06 0)
(0.700513 -2.60275e-07 0)
(0.700503 1.11683e-06 0)
(0.71519 1.24357e-07 0)
(0.7152 -1.14414e-06 0)
(0.715195 -1.67284e-07 0)
(0.715186 1.14845e-06 0)
(0.729064 4.22676e-08 0)
(0.729072 -1.17329e-06 0)
(0.729068 -8.4739e-08 0)
(0.729061 1.17765e-06 0)
(0.74221 -2.89451e-08 0)
(0.742217 -1.19829e-06 0)
(0.742213 -1.30841e-08 0)
(0.742207 1.2027e-06 0)
(0.754699 -8.93571e-08 0)
(0.754704 -1.21737e-06 0)
(0.754701 4.77611e-08 0)
(0.754696 1.22181e-06 0)
(0.766596 -1.38904e-07 0)
(0.766599 -1.2288e-06 0)
(0.766597 9.77264e-08 0)
(0.766593 1.23327e-06 0)
(0.777959 -1.7742e-07 0)
(0.77796 -1.23136e-06 0)
(0.777958 1.36655e-07 0)
(0.777955 1.23587e-06 0)
(0.788838 -2.05069e-07 0)
(0.788837 -1.22444e-06 0)
(0.788836 1.64705e-07 0)
(0.788834 1.22896e-06 0)
(0.79928 -2.23007e-07 0)
(0.799277 -1.20813e-06 0)
(0.799277 1.83041e-07 0)
(0.799275 1.21268e-06 0)
(0.809326 -2.33209e-07 0)
(0.809323 -1.18292e-06 0)
(0.809322 1.93628e-07 0)
(0.809322 1.18749e-06 0)
(0.819014 -2.38042e-07 0)
(0.81901 -1.14989e-06 0)
(0.819009 1.98844e-07 0)
(0.81901 1.15447e-06 0)
(0.828378 -2.39281e-07 0)
(0.828373 -1.11071e-06 0)
(0.828372 2.00457e-07 0)
(0.828373 1.1153e-06 0)
(0.837448 -2.3821e-07 0)
(0.837443 -1.06682e-06 0)
(0.837441 1.99759e-07 0)
(0.837443 1.07142e-06 0)
(0.846251 -2.35525e-07 0)
(0.846247 -1.01936e-06 0)
(0.846244 1.97437e-07 0)
(0.846247 1.02397e-06 0)
(0.854813 -2.32056e-07 0)
(0.854809 -9.69416e-07 0)
(0.854806 1.94331e-07 0)
(0.85481 9.74021e-07 0)
(0.863157 -2.28512e-07 0)
(0.863154 -9.16878e-07 0)
(0.86315 1.91142e-07 0)
(0.863154 9.21481e-07 0)
(0.871304 -2.26261e-07 0)
(0.871301 -8.61447e-07 0)
(0.871296 1.89247e-07 0)
(0.871301 8.66044e-07 0)
(0.879271 -2.26977e-07 0)
(0.879269 -8.0175e-07 0)
(0.879263 1.9031e-07 0)
(0.879269 8.0634e-07 0)
(0.887078 -2.30624e-07 0)
(0.887076 -7.36947e-07 0)
(0.887069 1.94306e-07 0)
(0.887075 7.41526e-07 0)
(0.89474 -2.38053e-07 0)
(0.894737 -6.67519e-07 0)
(0.89473 2.02078e-07 0)
(0.894736 6.72084e-07 0)
(0.90227 -2.48527e-07 0)
(0.902267 -5.95492e-07 0)
(0.902261 2.12898e-07 0)
(0.902266 6.00041e-07 0)
(0.909684 -2.62056e-07 0)
(0.909682 -5.24669e-07 0)
(0.909675 2.26768e-07 0)
(0.90968 5.29201e-07 0)
(0.916994 -2.79044e-07 0)
(0.916992 -4.59689e-07 0)
(0.916986 2.44101e-07 0)
(0.91699 4.642e-07 0)
(0.924211 -2.98607e-07 0)
(0.92421 -4.03138e-07 0)
(0.924205 2.64007e-07 0)
(0.924208 4.07628e-07 0)
(0.931349 -3.19294e-07 0)
(0.931348 -3.56173e-07 0)
(0.931344 2.85041e-07 0)
(0.931346 3.60637e-07 0)
(0.938417 -3.3888e-07 0)
(0.938417 -3.17132e-07 0)
(0.938413 3.0497e-07 0)
(0.938415 3.21569e-07 0)
(0.945426 -3.56561e-07 0)
(0.945425 -2.84319e-07 0)
(0.945422 3.22999e-07 0)
(0.945423 2.88726e-07 0)
(0.952385 -3.71789e-07 0)
(0.952383 -2.56032e-07 0)
(0.952381 3.38571e-07 0)
(0.952382 2.60407e-07 0)
(0.959301 -3.84754e-07 0)
(0.9593 -2.33811e-07 0)
(0.959299 3.51889e-07 0)
(0.959299 2.38149e-07 0)
(0.966184 -3.95679e-07 0)
(0.966183 -2.17508e-07 0)
(0.966183 3.63166e-07 0)
(0.966182 2.21809e-07 0)
(0.973041 -4.04995e-07 0)
(0.97304 -2.08181e-07 0)
(0.97304 3.72848e-07 0)
(0.97304 2.12446e-07 0)
(0.979878 -4.12399e-07 0)
(0.979878 -2.04165e-07 0)
(0.979878 3.80623e-07 0)
(0.979878 2.08391e-07 0)
(0.986703 -4.18088e-07 0)
(0.986703 -2.03548e-07 0)
(0.986703 3.86699e-07 0)
(0.986703 2.07735e-07 0)
(0.99352 -4.20824e-07 0)
(0.99352 -2.04938e-07 0)
(0.99352 3.89823e-07 0)
(0.99352 2.09082e-07 0)
(1.00033 -4.17469e-07 0)
(1.00033 -2.05877e-07 0)
(1.00033 3.86873e-07 0)
(1.00034 2.09977e-07 0)
(1.00715 -4.04687e-07 0)
(1.00715 -2.03453e-07 0)
(1.00715 3.74498e-07 0)
(1.00715 2.07503e-07 0)
(1.01397 -3.78165e-07 0)
(1.01397 -1.93939e-07 0)
(1.01397 3.48402e-07 0)
(1.01397 1.97937e-07 0)
(1.0208 -3.36805e-07 0)
(1.0208 -1.76335e-07 0)
(1.0208 3.07463e-07 0)
(1.0208 1.80275e-07 0)
(1.02764 -2.83178e-07 0)
(1.02764 -1.52268e-07 0)
(1.02764 2.54276e-07 0)
(1.02764 1.56152e-07 0)
(1.03449 -2.27272e-07 0)
(1.03449 -1.26651e-07 0)
(1.03449 1.98814e-07 0)
(1.03449 1.3048e-07 0)
(1.04135 -1.80841e-07 0)
(1.04135 -1.02869e-07 0)
(1.04135 1.52857e-07 0)
(1.04136 1.06646e-07 0)
(1.04823 -1.51513e-07 0)
(1.04823 -7.88719e-08 0)
(1.04823 1.24013e-07 0)
(1.04823 8.25912e-08 0)
(1.05512 -1.36465e-07 0)
(1.05512 -5.53263e-08 0)
(1.05512 1.09469e-07 0)
(1.05512 5.89807e-08 0)
(1.06202 -1.33073e-07 0)
(1.06202 -3.28166e-08 0)
(1.06202 1.06584e-07 0)
(1.06202 3.64013e-08 0)
(1.06893 -1.32491e-07 0)
(1.06893 -1.73813e-08 0)
(1.06893 1.06533e-07 0)
(1.06893 2.08983e-08 0)
(1.07585 -1.29807e-07 0)
(1.07585 -1.42825e-08 0)
(1.07585 1.04387e-07 0)
(1.07585 1.77292e-08 0)
(1.08276 -1.18889e-07 0)
(1.08277 -2.21584e-08 0)
(1.08277 9.40158e-08 0)
(1.08277 2.55392e-08 0)
(1.08968 -9.55283e-08 0)
(1.08968 -3.12055e-08 0)
(1.08968 7.11985e-08 0)
(1.08968 3.45184e-08 0)
(1.09659 -6.05907e-08 0)
(1.09659 -4.28787e-08 0)
(1.09659 3.68126e-08 0)
(1.09659 4.6111e-08 0)
(1.10348 -1.63773e-08 0)
(1.10348 -5.06752e-08 0)
(1.10348 -6.86137e-09 0)
(1.10348 5.38263e-08 0)
(1.11035 2.8429e-08 0)
(1.11035 -6.57063e-08 0)
(1.11035 -5.11379e-08 0)
(1.11035 6.87744e-08 0)
(1.11717 6.32355e-08 0)
(1.11717 -9.99485e-08 0)
(1.11718 -8.54196e-08 0)
(1.11718 1.02935e-07 0)
(1.12395 7.64406e-08 0)
(1.12395 -1.6779e-07 0)
(1.12395 -9.80955e-08 0)
(1.12395 1.70692e-07 0)
(1.13065 6.42645e-08 0)
(1.13065 -2.70721e-07 0)
(1.13066 -8.53763e-08 0)
(1.13065 2.73535e-07 0)
(1.13725 3.10524e-08 0)
(1.13725 -3.88627e-07 0)
(1.13726 -5.16114e-08 0)
(1.13725 3.91355e-07 0)
(1.14373 -5.49504e-09 0)
(1.14373 -4.74242e-07 0)
(1.14373 -1.45119e-08 0)
(1.14373 4.76908e-07 0)
(1.15005 -3.75488e-09 0)
(1.15004 -4.72092e-07 0)
(1.15004 -1.57016e-08 0)
(1.15004 4.74724e-07 0)
(1.15618 8.97908e-08 0)
(1.15617 -3.49862e-07 0)
(1.15617 -1.08679e-07 0)
(1.15618 3.52315e-07 0)
(1.16213 2.82481e-07 0)
(1.16212 -1.37009e-07 0)
(1.16212 -3.00853e-07 0)
(1.16214 1.39183e-07 0)
(1.16798 4.63233e-07 0)
(1.16798 1.10304e-07 0)
(1.16797 -4.81081e-07 0)
(1.16799 -1.07888e-07 0)
(1.1738 6.09186e-07 0)
(1.17379 3.14967e-07 0)
(1.17379 -6.26499e-07 0)
(1.1738 -3.12413e-07 0)
(1.17957 6.06444e-07 0)
(1.17957 4.40182e-07 0)
(1.17956 -6.23127e-07 0)
(1.17956 -4.379e-07 0)
(1.18528 5.17233e-07 0)
(1.18529 4.92102e-07 0)
(1.18528 -5.33171e-07 0)
(1.18528 -4.89855e-07 0)
(1.19094 4.06408e-07 0)
(1.19095 4.85694e-07 0)
(1.19094 -4.21557e-07 0)
(1.19094 -4.8347e-07 0)
(1.19653 3.09798e-07 0)
(1.19653 4.58148e-07 0)
(1.19653 -3.24121e-07 0)
(1.19653 -4.55915e-07 0)
(1.20203 2.30977e-07 0)
(1.20203 4.34516e-07 0)
(1.20203 -2.4446e-07 0)
(1.20203 -4.32259e-07 0)
(1.20743 1.77016e-07 0)
(1.20744 4.34294e-07 0)
(1.20743 -1.89602e-07 0)
(1.20743 -4.32017e-07 0)
(1.21272 1.33899e-07 0)
(1.21272 4.40066e-07 0)
(1.21272 -1.4555e-07 0)
(1.21272 -4.37816e-07 0)
(1.21786 9.44691e-08 0)
(1.21786 4.38742e-07 0)
(1.21787 -1.05136e-07 0)
(1.21786 -4.36493e-07 0)
(1.22284 5.73567e-08 0)
(1.22284 4.12489e-07 0)
(1.22284 -6.70636e-08 0)
(1.22284 -4.10276e-07 0)
(1.22761 -1.26993e-08 0)
(1.22762 3.70469e-07 0)
(1.22762 4.0048e-09 0)
(1.22761 -3.68305e-07 0)
(1.23215 -7.90527e-08 0)
(1.23215 3.00762e-07 0)
(1.23215 7.13935e-08 0)
(1.23215 -2.98716e-07 0)
(1.23639 -1.44915e-07 0)
(1.23639 2.35785e-07 0)
(1.23639 1.3838e-07 0)
(1.23639 -2.33804e-07 0)
(1.24028 -1.56647e-07 0)
(1.24028 1.76875e-07 0)
(1.24029 1.5119e-07 0)
(1.24028 -1.75043e-07 0)
(1.24376 -1.22322e-07 0)
(1.24376 1.4711e-07 0)
(1.24376 1.17986e-07 0)
(1.24376 -1.45469e-07 0)
(1.24674 -6.14425e-08 0)
(1.24674 1.4408e-07 0)
(1.24674 5.82391e-08 0)
(1.24674 -1.42708e-07 0)
(1.24913 7.77293e-09 0)
(1.24913 1.42237e-07 0)
(1.24914 -9.79371e-09 0)
(1.24913 -1.41091e-07 0)
(1.25086 3.1876e-08 0)
(1.25086 1.11333e-07 0)
(1.25087 -3.28919e-08 0)
(1.25086 -1.10545e-07 0)
(1.25184 4.96188e-08 0)
(1.25184 5.60625e-08 0)
(1.25185 -4.96769e-08 0)
(1.25184 -5.56625e-08 0)
)
;

boundaryField
{
    inlet
    {
        type            cyclic;
    }
    outlet
    {
        type            cyclic;
    }
    fixedWalls-bottom
    {
        type            noSlip;
    }
    fixedWalls-top
    {
        type            symmetry;
    }
    frontAndBack
    {
        type            empty;
    }
}


// ************************************************************************* //
