# Residuals   
# Time        	p             	Ux            	Uy            
0             	N/A	N/A
1             	9.999919e-01	0.000000e+00	0.000000e+00
2             	1.000000e+00	9.895790e-01	1.000000e+00
3             	3.215665e-01	1.756464e-01	6.450058e-01
4             	1.978325e-01	8.060180e-02	6.388201e-01
5             	1.331671e-01	9.197952e-02	4.641207e-01
6             	1.629323e-01	7.711249e-02	6.035273e-01
7             	2.471797e-01	1.046558e-01	6.567080e-01
8             	4.382510e-01	1.218065e-01	5.947250e-01
9             	4.151613e-01	9.574918e-02	6.637217e-01
10            	3.391383e-01	5.866652e-02	7.170904e-01
11            	5.560109e-01	4.713775e-02	6.211292e-01
12            	3.729879e-01	3.906610e-02	5.538969e-01
13            	5.192836e-01	3.544749e-02	5.704802e-01
14            	3.144647e-01	3.298056e-02	5.968096e-01
15            	6.053836e-01	3.221477e-02	6.144412e-01
16            	3.105559e-01	2.946733e-02	6.579118e-01
17            	3.274154e-01	2.762007e-02	6.258336e-01
18            	3.157120e-01	2.544695e-02	4.765366e-01
19            	2.660179e-01	2.378206e-02	5.126930e-01
20            	4.020596e-01	2.205369e-02	5.937691e-01
21            	3.450518e-01	2.145643e-02	5.498696e-01
22            	2.143483e-01	2.160073e-02	4.769099e-01
23            	9.974201e-02	2.135712e-02	4.626882e-01
24            	6.674006e-02	2.158573e-02	3.664921e-01
25            	5.306506e-02	2.180599e-02	2.964487e-01
26            	4.895971e-02	2.211685e-02	2.725435e-01
27            	7.007820e-02	2.210984e-02	2.414603e-01
28            	8.143736e-02	2.287361e-02	2.019485e-01
29            	4.888418e-02	2.222040e-02	1.689626e-01
30            	2.134883e-02	2.227468e-02	1.238896e-01
31            	1.995275e-02	2.085330e-02	1.018176e-01
32            	1.178313e-02	1.825046e-02	1.092333e-01
33            	1.462217e-02	1.475011e-02	1.139975e-01
34            	8.890062e-03	1.276233e-02	1.358470e-01
35            	1.053129e-02	1.187218e-02	1.495865e-01
36            	7.902712e-03	1.136870e-02	1.498685e-01
37            	1.168773e-02	1.083632e-02	1.380081e-01
38            	1.178520e-02	1.056574e-02	1.289572e-01
39            	1.950675e-02	1.020168e-02	1.250204e-01
40            	2.821780e-02	1.009468e-02	1.158143e-01
41            	6.846436e-02	9.798180e-03	1.060143e-01
42            	2.043254e-02	9.636234e-03	1.071975e-01
43            	1.240948e-02	9.496444e-03	1.157005e-01
44            	1.021646e-02	9.342788e-03	1.281869e-01
45            	8.376266e-03	9.208516e-03	1.322696e-01
46            	8.811246e-03	9.096263e-03	1.308208e-01
47            	8.040304e-03	8.994221e-03	1.271231e-01
48            	8.766725e-03	8.903784e-03	1.197192e-01
49            	9.833873e-03	8.821165e-03	1.070823e-01
50            	1.523020e-02	8.746084e-03	9.832784e-02
51            	2.422397e-02	8.681798e-03	8.668807e-02
52            	5.700876e-02	8.622843e-03	8.244054e-02
53            	2.130000e-02	8.566992e-03	7.890204e-02
54            	1.523595e-02	8.516752e-03	7.511292e-02
55            	1.767427e-02	8.473405e-03	7.293936e-02
56            	1.654493e-02	8.439526e-03	6.294184e-02
57            	1.585653e-02	8.403993e-03	4.807507e-02
58            	2.046679e-02	8.374381e-03	4.660362e-02
59            	2.081532e-02	8.349863e-03	4.770459e-02
60            	2.316781e-02	8.330370e-03	4.296357e-02
61            	2.571759e-02	8.309960e-03	4.347715e-02
62            	3.486335e-02	8.295599e-03	4.239425e-02
63            	3.223592e-02	8.285830e-03	4.009395e-02
64            	2.702272e-02	8.274218e-03	4.287691e-02
65            	3.727899e-02	8.265231e-03	4.210228e-02
66            	2.643432e-02	8.259568e-03	3.955772e-02
67            	1.815081e-02	8.259199e-03	3.819333e-02
68            	1.258033e-02	8.260438e-03	4.651873e-02
69            	8.289531e-03	8.260825e-03	4.468925e-02
70            	6.104364e-03	8.262866e-03	3.921082e-02
71            	5.220312e-03	8.270637e-03	3.521975e-02
72            	3.763430e-03	8.279326e-03	3.611040e-02
73            	5.604337e-03	8.291321e-03	3.749796e-02
74            	2.974117e-03	8.302759e-03	3.526877e-02
75            	2.937223e-03	8.315136e-03	3.795434e-02
76            	2.700409e-03	8.329935e-03	3.510293e-02
77            	3.256537e-03	8.345514e-03	2.925762e-02
78            	2.517249e-03	8.362562e-03	2.403270e-02
79            	2.652397e-03	8.381622e-03	1.983889e-02
80            	1.904467e-03	8.401327e-03	1.823959e-02
81            	1.421543e-03	8.423347e-03	1.900166e-02
82            	1.738284e-03	8.445790e-03	1.888259e-02
83            	1.618290e-03	8.470022e-03	1.667713e-02
84            	1.273290e-03	8.495818e-03	1.281999e-02
85            	1.122899e-03	8.522846e-03	1.409331e-02
86            	1.466861e-03	8.550495e-03	1.120686e-02
87            	1.310625e-03	8.580081e-03	1.094986e-02
88            	1.164480e-03	8.611628e-03	9.917042e-03
89            	9.428484e-04	8.644520e-03	9.269686e-03
90            	1.136818e-03	8.676912e-03	8.479525e-03
91            	1.086164e-03	8.711820e-03	8.673507e-03
92            	1.098504e-03	8.749200e-03	7.282693e-03
93            	1.089645e-03	8.786434e-03	7.217586e-03
94            	8.941002e-04	8.824216e-03	7.172367e-03
95            	1.383997e-03	8.863339e-03	7.207358e-03
96            	1.132462e-03	8.904258e-03	8.096076e-03
97            	1.053350e-03	8.944605e-03	7.918405e-03
98            	1.014299e-03	8.984245e-03	7.234424e-03
99            	1.124940e-03	9.026768e-03	6.520165e-03
100           	1.035892e-03	9.073181e-03	6.443662e-03
101           	1.081121e-03	9.121035e-03	6.326984e-03
102           	9.814342e-04	9.167916e-03	5.855285e-03
103           	1.057640e-03	9.214115e-03	5.623840e-03
104           	1.133115e-03	9.261971e-03	5.382972e-03
105           	1.092082e-03	9.300759e-03	5.479693e-03
106           	1.068171e-03	9.353177e-03	5.408642e-03
107           	1.255445e-03	9.407452e-03	5.781878e-03
108           	1.162712e-03	9.462421e-03	6.042717e-03
109           	1.168987e-03	9.508858e-03	5.820441e-03
110           	1.134378e-03	9.557036e-03	5.960768e-03
111           	1.341550e-03	9.616923e-03	6.450244e-03
112           	1.120103e-03	9.670562e-03	6.350278e-03
113           	1.831685e-03	9.613084e-03	5.388282e-03
114           	1.887977e-03	9.582401e-03	5.792996e-03
115           	1.715136e-03	9.581642e-03	6.206772e-03
116           	5.016286e-03	9.797360e-03	6.238693e-03
117           	2.525767e-03	9.506888e-03	6.847021e-03
118           	2.629523e-03	9.775269e-03	9.182573e-03
119           	1.514970e-03	9.490610e-03	8.695159e-03
120           	4.604346e-03	9.757966e-03	6.664365e-03
121           	3.749495e-03	9.479971e-03	1.120783e-02
122           	4.429943e-03	9.739088e-03	7.176754e-03
123           	2.879774e-03	9.474628e-03	6.221635e-03
124           	2.332741e-03	9.726200e-03	9.390168e-03
125           	1.338578e-03	9.471472e-03	1.279015e-02
126           	2.631061e-03	9.713762e-03	9.057269e-03
127           	3.582319e-03	9.468136e-03	7.140853e-03
128           	2.924416e-03	9.702887e-03	4.976218e-03
129           	9.153092e-04	9.467202e-03	8.083414e-03
130           	2.900127e-03	9.695447e-03	7.904399e-03
131           	3.046322e-03	9.466506e-03	8.163553e-03
132           	3.138137e-03	9.689209e-03	6.194626e-03
133           	1.300560e-03	9.466396e-03	6.851240e-03
134           	3.011850e-03	9.681987e-03	7.022756e-03
135           	2.624539e-03	9.467179e-03	6.930766e-03
136           	1.742998e-03	9.678661e-03	8.019043e-03
137           	2.028565e-03	9.471416e-03	1.022055e-02
138           	8.905351e-04	9.676425e-03	9.161368e-03
139           	2.094905e-03	9.475274e-03	9.311385e-03
140           	2.636000e-03	9.672866e-03	7.321970e-03
141           	1.897513e-03	9.478582e-03	6.600471e-03
142           	2.149220e-03	9.669591e-03	8.120777e-03
143           	1.302463e-03	9.482451e-03	9.106285e-03
144           	2.326794e-03	9.666892e-03	8.639136e-03
145           	2.529394e-03	9.485938e-03	9.403444e-03
146           	1.803069e-03	9.663935e-03	9.376718e-03
147           	1.891072e-03	9.490240e-03	1.089922e-02
148           	1.446998e-03	9.662857e-03	9.737893e-03
149           	1.736822e-03	9.486691e-03	8.721534e-03
150           	2.005156e-03	9.590889e-03	7.796242e-03
151           	3.376134e-03	9.746020e-03	7.683689e-03
152           	2.454041e-03	9.476952e-03	1.155284e-02
153           	1.995821e-03	9.576424e-03	1.061952e-02
154           	3.490748e-03	9.691694e-03	9.928512e-03
155           	2.268435e-03	9.481657e-03	9.702080e-03
156           	1.567191e-03	9.575493e-03	9.129114e-03
157           	4.780026e-03	9.691012e-03	9.033129e-03
158           	3.005409e-03	9.486836e-03	6.995895e-03
159           	2.177778e-03	9.579688e-03	8.541823e-03
160           	1.853655e-03	9.679620e-03	1.007728e-02
161           	1.785744e-03	9.496459e-03	9.888620e-03
162           	2.860791e-03	9.551426e-03	8.812695e-03
163           	2.183728e-03	9.616110e-03	8.980012e-03
164           	1.785756e-03	9.754214e-03	9.856238e-03
165           	2.258051e-03	9.506737e-03	1.034603e-02
166           	3.053218e-03	9.575311e-03	8.938546e-03
167           	2.814123e-03	9.538768e-03	8.223042e-03
168           	2.882779e-03	9.561586e-03	8.234419e-03
169           	2.379598e-03	9.645228e-03	9.259777e-03
170           	2.492564e-03	9.753976e-03	9.686747e-03
171           	1.314015e-03	9.534699e-03	9.284002e-03
172           	1.827237e-03	9.595901e-03	8.637179e-03
173           	1.915703e-03	9.566142e-03	8.519094e-03
174           	2.084736e-03	9.587123e-03	8.592933e-03
175           	1.885895e-03	9.586551e-03	8.713473e-03
176           	1.682687e-03	9.595337e-03	8.782058e-03
177           	1.471879e-03	9.599581e-03	8.909919e-03
178           	1.322633e-03	9.605710e-03	8.944988e-03
179           	1.237396e-03	9.610900e-03	9.127946e-03
180           	1.141000e-03	9.616538e-03	9.042374e-03
181           	1.174664e-03	9.621995e-03	9.157919e-03
182           	1.175621e-03	9.627637e-03	9.106193e-03
183           	1.224797e-03	9.633315e-03	9.103716e-03
184           	1.250503e-03	9.639149e-03	9.033648e-03
185           	1.350195e-03	9.645102e-03	9.115898e-03
186           	1.336879e-03	9.651223e-03	9.074834e-03
187           	1.383959e-03	9.657485e-03	9.130591e-03
188           	1.373786e-03	9.663924e-03	9.134848e-03
189           	1.392131e-03	9.670520e-03	9.108348e-03
190           	1.377445e-03	9.677312e-03	9.156787e-03
191           	1.404075e-03	9.684282e-03	9.111247e-03
192           	1.421840e-03	9.691460e-03	9.061803e-03
193           	1.454118e-03	9.698838e-03	9.107270e-03
194           	1.445197e-03	9.706435e-03	9.073022e-03
195           	1.496383e-03	9.714230e-03	9.129070e-03
196           	1.461530e-03	9.722252e-03	9.103428e-03
197           	1.486029e-03	9.730477e-03	9.115361e-03
198           	1.500306e-03	9.738940e-03	9.154971e-03
199           	1.574345e-03	9.747626e-03	9.189609e-03
200           	1.548891e-03	9.756559e-03	9.149954e-03
201           	1.568259e-03	9.765717e-03	9.171994e-03
202           	1.625323e-03	9.775132e-03	9.209364e-03
203           	1.701482e-03	9.784800e-03	9.269662e-03
204           	1.641429e-03	9.794729e-03	9.198534e-03
205           	1.718441e-03	9.804902e-03	9.196442e-03
206           	1.743585e-03	9.815339e-03	9.277477e-03
207           	1.793772e-03	9.826055e-03	9.305753e-03
208           	1.843760e-03	9.837043e-03	9.351870e-03
209           	1.882206e-03	9.848307e-03	9.336527e-03
210           	1.883191e-03	9.859862e-03	9.342586e-03
211           	1.965813e-03	9.871708e-03	9.334548e-03
212           	1.957227e-03	9.883860e-03	9.378265e-03
213           	2.047835e-03	9.896306e-03	9.423766e-03
214           	2.037075e-03	9.909071e-03	9.391295e-03
215           	2.121021e-03	9.922155e-03	9.412054e-03
216           	2.123937e-03	9.935574e-03	9.398558e-03
217           	2.216625e-03	9.949323e-03	9.412324e-03
218           	2.235406e-03	9.963437e-03	9.493606e-03
219           	2.301167e-03	9.977882e-03	9.491483e-03
220           	2.300678e-03	9.992697e-03	9.505945e-03
221           	2.432145e-03	1.000788e-02	9.508800e-03
222           	2.375269e-03	1.002345e-02	9.478182e-03
223           	2.505975e-03	1.003940e-02	9.539345e-03
224           	2.575589e-03	1.005576e-02	9.541500e-03
225           	2.706149e-03	1.007253e-02	9.663825e-03
226           	2.672119e-03	1.008972e-02	9.553469e-03
227           	2.697505e-03	1.010691e-02	9.537248e-03
228           	2.761899e-03	1.012452e-02	9.575980e-03
229           	2.888140e-03	1.014258e-02	9.615940e-03
230           	2.864477e-03	1.016079e-02	9.686592e-03
231           	2.951678e-03	1.017927e-02	9.622116e-03
232           	2.944770e-03	1.019821e-02	9.624350e-03
233           	3.050065e-03	1.021762e-02	9.693640e-03
234           	3.009903e-03	1.023753e-02	9.620918e-03
235           	3.163000e-03	1.025793e-02	9.700251e-03
236           	3.202625e-03	1.027884e-02	9.721084e-03
237           	3.332653e-03	1.030029e-02	9.767071e-03
238           	3.238237e-03	1.032229e-02	9.656503e-03
239           	3.350006e-03	1.034483e-02	9.702402e-03
240           	3.353874e-03	1.036794e-02	9.692032e-03
241           	3.467529e-03	1.039165e-02	9.709512e-03
242           	3.519914e-03	1.041598e-02	9.774955e-03
243           	3.547841e-03	1.044092e-02	9.730142e-03
244           	3.433373e-03	1.046650e-02	9.717321e-03
245           	3.705684e-03	1.049277e-02	9.746607e-03
246           	3.586673e-03	1.051971e-02	9.766027e-03
247           	3.719200e-03	1.054735e-02	9.808716e-03
248           	3.726663e-03	1.057570e-02	9.762718e-03
249           	3.769136e-03	1.060481e-02	9.749211e-03
250           	3.841676e-03	1.063465e-02	9.804049e-03
251           	4.005861e-03	1.066533e-02	9.802121e-03
252           	3.895215e-03	1.069679e-02	9.757248e-03
253           	3.996963e-03	1.072912e-02	9.796916e-03
254           	4.080041e-03	1.076226e-02	9.808335e-03
255           	4.142546e-03	1.079635e-02	9.830214e-03
256           	4.145282e-03	1.083131e-02	9.741990e-03
257           	4.254284e-03	1.086714e-02	9.786416e-03
258           	4.248381e-03	1.090289e-02	9.801898e-03
259           	4.322570e-03	1.093861e-02	9.796973e-03
260           	4.155004e-03	1.097524e-02	9.829396e-03
261           	4.328101e-03	1.101294e-02	9.815673e-03
262           	4.669395e-03	1.105147e-02	9.888926e-03
263           	4.621119e-03	1.109094e-02	9.786549e-03
264           	4.628147e-03	1.113140e-02	9.910565e-03
265           	4.699538e-03	1.117306e-02	9.742718e-03
266           	4.702630e-03	1.121582e-02	9.901331e-03
267           	4.692425e-03	1.125984e-02	9.778031e-03
268           	5.181330e-03	1.130502e-02	9.960817e-03
269           	5.031809e-03	1.135155e-02	9.797873e-03
270           	5.381568e-03	1.139942e-02	9.958556e-03
271           	5.227161e-03	1.144862e-02	9.803340e-03
272           	5.635202e-03	1.149927e-02	1.011420e-02
273           	5.552943e-03	1.155136e-02	9.863860e-03
274           	5.668602e-03	1.160503e-02	1.004652e-02
275           	5.513920e-03	1.165716e-02	9.742275e-03
276           	5.597472e-03	1.171016e-02	9.958711e-03
277           	5.454980e-03	1.176470e-02	9.722530e-03
278           	5.861162e-03	1.182096e-02	9.884539e-03
279           	5.670307e-03	1.187880e-02	9.851654e-03
280           	6.339475e-03	1.193838e-02	1.000956e-02
281           	6.509888e-03	1.199977e-02	9.898486e-03
282           	6.281128e-03	1.206297e-02	9.840042e-03
283           	6.463790e-03	1.212825e-02	9.712083e-03
284           	7.238028e-03	1.219549e-02	9.939946e-03
285           	7.182981e-03	1.226452e-02	9.750281e-03
286           	7.513785e-03	1.233459e-02	9.827681e-03
287           	7.783243e-03	1.240173e-02	9.661345e-03
288           	7.645166e-03	1.247090e-02	9.853617e-03
289           	7.731670e-03	1.254216e-02	9.501584e-03
290           	8.140050e-03	1.261573e-02	9.592295e-03
291           	8.584564e-03	1.269158e-02	9.429732e-03
292           	7.894551e-03	1.276984e-02	9.520503e-03
293           	9.169086e-03	1.285050e-02	9.322037e-03
294           	8.084346e-03	1.293401e-02	9.496736e-03
295           	8.862558e-03	1.301824e-02	9.041714e-03
296           	8.249289e-03	1.309931e-02	9.482928e-03
297           	9.774144e-03	1.318297e-02	8.964610e-03
298           	8.891909e-03	1.326936e-02	9.235870e-03
299           	1.042995e-02	1.335855e-02	8.847229e-03
300           	8.408127e-03	1.345108e-02	9.043909e-03
301           	1.002283e-02	1.354682e-02	8.876082e-03
302           	1.069789e-02	1.364372e-02	9.103780e-03
303           	8.175187e-03	1.373453e-02	8.962794e-03
304           	1.116455e-02	1.382751e-02	9.276678e-03
305           	1.189200e-02	1.392321e-02	8.925526e-03
306           	1.076467e-02	1.402253e-02	8.992633e-03
307           	1.077010e-02	1.412492e-02	8.682822e-03
308           	1.103341e-02	1.422891e-02	8.892998e-03
309           	1.391852e-02	1.432602e-02	8.926217e-03
310           	1.463273e-02	1.442587e-02	9.303010e-03
311           	1.597414e-02	1.452878e-02	9.287025e-03
312           	1.309810e-02	1.463532e-02	9.525148e-03
313           	1.167828e-02	1.474297e-02	9.477610e-03
314           	1.073869e-02	1.484268e-02	9.726618e-03
315           	1.031824e-02	1.494298e-02	9.581741e-03
316           	9.498371e-03	1.504551e-02	9.774958e-03
317           	9.354157e-03	1.514974e-02	9.699228e-03
318           	8.931327e-03	1.524574e-02	9.887023e-03
319           	9.475331e-03	1.533687e-02	9.661887e-03
320           	9.472128e-03	1.543107e-02	9.760273e-03
321           	1.010958e-02	1.552759e-02	9.647987e-03
322           	9.656496e-03	1.561253e-02	9.812272e-03
323           	9.022014e-03	1.569278e-02	9.744319e-03
324           	8.615820e-03	1.577553e-02	9.832144e-03
325           	8.375426e-03	1.585337e-02	9.643001e-03
326           	8.497460e-03	1.591722e-02	9.628773e-03
327           	8.126555e-03	1.598101e-02	9.590470e-03
328           	7.848964e-03	1.603817e-02	9.773216e-03
329           	7.644372e-03	1.607745e-02	9.669980e-03
330           	7.197662e-03	1.611262e-02	9.618893e-03
331           	6.653065e-03	1.613897e-02	9.681699e-03
332           	6.707934e-03	1.614723e-02	9.671544e-03
333           	6.700520e-03	1.615288e-02	9.533735e-03
334           	6.749258e-03	1.613947e-02	9.452883e-03
335           	6.223977e-03	1.611416e-02	9.505148e-03
336           	6.195389e-03	1.607766e-02	9.490095e-03
337           	5.992519e-03	1.602038e-02	9.381302e-03
338           	6.388642e-03	1.595276e-02	9.214408e-03
339           	5.419925e-03	1.586415e-02	9.489597e-03
340           	4.933793e-03	1.575981e-02	9.446611e-03
341           	4.895791e-03	1.563323e-02	9.581868e-03
342           	5.109125e-03	1.548929e-02	9.310550e-03
343           	4.583025e-03	1.532535e-02	9.448886e-03
344           	5.111367e-03	1.514542e-02	9.154996e-03
345           	4.499217e-03	1.494686e-02	9.485331e-03
346           	4.284843e-03	1.473004e-02	9.296089e-03
347           	3.907006e-03	1.449660e-02	9.608266e-03
348           	4.085107e-03	1.424802e-02	9.185443e-03
349           	3.784731e-03	1.399085e-02	9.372277e-03
350           	4.295962e-03	1.356020e-02	8.970387e-03
351           	3.677425e-03	1.304876e-02	9.413527e-03
352           	3.436831e-03	1.256463e-02	9.062009e-03
353           	3.166702e-03	1.210523e-02	9.579030e-03
354           	3.536045e-03	1.166853e-02	9.013310e-03
355           	3.332481e-03	1.125402e-02	9.114799e-03
356           	4.314378e-03	1.086087e-02	8.508804e-03
357           	3.182142e-03	1.048711e-02	9.241142e-03
358           	2.914422e-03	1.013177e-02	8.905004e-03
359           	2.558317e-03	9.793172e-03	9.452008e-03
360           	2.939122e-03	9.470760e-03	8.693222e-03
361           	2.566663e-03	9.162869e-03	8.969246e-03
362           	3.636694e-03	8.869097e-03	8.620719e-03
363           	2.544685e-03	8.588247e-03	9.350551e-03
364           	2.442145e-03	8.319927e-03	8.769719e-03
365           	2.200893e-03	8.062897e-03	9.472022e-03
366           	2.517133e-03	7.816279e-03	8.702067e-03
367           	2.196771e-03	7.579287e-03	8.805501e-03
368           	3.107913e-03	7.351553e-03	8.252824e-03
369           	2.189201e-03	7.132952e-03	9.083785e-03
370           	2.148524e-03	6.923423e-03	8.460599e-03
371           	1.861185e-03	6.721875e-03	9.142920e-03
372           	2.352820e-03	6.528477e-03	8.240233e-03
373           	2.233433e-03	6.342240e-03	8.513467e-03
374           	2.373424e-03	6.163345e-03	8.027299e-03
375           	1.972158e-03	5.990928e-03	8.678401e-03
376           	2.748141e-03	5.825148e-03	7.768342e-03
377           	1.808700e-03	5.665231e-03	8.738433e-03
378           	1.762174e-03	5.511392e-03	8.305371e-03
379           	1.771659e-03	5.363300e-03	8.855155e-03
380           	2.105316e-03	5.220764e-03	7.861669e-03
381           	1.846180e-03	5.082934e-03	8.615185e-03
382           	2.050765e-03	4.950150e-03	8.145429e-03
383           	1.732570e-03	4.821213e-03	8.610439e-03
384           	2.354185e-03	4.696890e-03	7.531029e-03
385           	1.668311e-03	4.576301e-03	8.481207e-03
386           	1.445655e-03	4.460007e-03	7.859105e-03
387           	1.594331e-03	4.347180e-03	8.441383e-03
388           	1.806826e-03	4.238367e-03	7.225114e-03
389           	1.511047e-03	4.132955e-03	7.958207e-03
390           	1.500577e-03	4.031133e-03	7.254701e-03
391           	1.452728e-03	3.932357e-03	7.854026e-03
392           	1.417003e-03	3.836891e-03	7.211736e-03
393           	2.367778e-03	3.744262e-03	7.752353e-03
394           	2.441911e-03	3.654753e-03	7.199535e-03
395           	1.859029e-03	3.567733e-03	8.193955e-03
396           	2.186027e-03	3.483615e-03	7.904490e-03
397           	2.092540e-03	3.401953e-03	8.025190e-03
398           	1.612356e-03	3.322958e-03	7.357490e-03
399           	2.751733e-03	3.246216e-03	8.143444e-03
400           	2.586548e-03	3.171744e-03	7.280013e-03
401           	1.948409e-03	3.099467e-03	8.423959e-03
402           	2.017509e-03	3.029479e-03	8.133561e-03
403           	1.622260e-03	2.961446e-03	8.994229e-03
404           	1.951154e-03	2.895476e-03	7.854547e-03
405           	3.624839e-03	2.831525e-03	7.556798e-03
406           	3.378990e-03	2.769782e-03	7.436039e-03
407           	2.889990e-03	2.709720e-03	9.244007e-03
408           	2.196172e-03	2.651627e-03	8.808984e-03
409           	1.772291e-03	2.594920e-03	9.157381e-03
410           	2.320607e-03	2.540094e-03	7.430075e-03
411           	3.234940e-03	2.486439e-03	6.785520e-03
412           	3.765709e-03	2.434313e-03	5.419815e-03
413           	3.268433e-03	2.383766e-03	6.133244e-03
414           	3.031954e-03	2.334871e-03	6.520738e-03
415           	1.488649e-03	2.287148e-03	6.909466e-03
416           	2.268849e-03	2.240816e-03	6.075538e-03
417           	3.137979e-03	2.195484e-03	5.450549e-03
418           	2.412255e-03	2.151706e-03	5.224388e-03
419           	3.555356e-03	2.108963e-03	6.184535e-03
420           	1.839809e-03	2.067527e-03	6.230304e-03
421           	1.204887e-03	2.027660e-03	6.182775e-03
422           	2.809568e-03	1.989038e-03	6.325616e-03
423           	4.447645e-03	1.951428e-03	6.972040e-03
424           	2.024940e-03	1.914862e-03	6.850371e-03
425           	3.182165e-03	1.879460e-03	7.582261e-03
426           	2.343562e-03	1.845150e-03	6.505734e-03
427           	1.898697e-03	1.811509e-03	7.228003e-03
428           	3.852789e-03	1.778644e-03	7.157833e-03
429           	4.553380e-03	1.746932e-03	6.832903e-03
430           	2.602010e-03	1.715802e-03	6.203938e-03
431           	2.530520e-03	1.685896e-03	7.045836e-03
432           	2.341487e-03	1.656956e-03	4.515442e-03
433           	2.191667e-03	1.629165e-03	6.012135e-03
434           	3.989619e-03	1.601761e-03	5.679798e-03
435           	4.403483e-03	1.575266e-03	6.096984e-03
436           	3.640680e-03	1.549605e-03	5.864730e-03
437           	6.761411e-03	1.524793e-03	5.566399e-03
438           	8.073353e-03	1.500676e-03	6.931671e-03
439           	5.945316e-03	1.476808e-03	8.661233e-03
440           	4.839417e-03	1.453582e-03	7.135207e-03
441           	5.695416e-03	1.431712e-03	5.108253e-03
442           	5.623289e-03	1.410608e-03	5.408091e-03
443           	4.283259e-03	1.390229e-03	3.038264e-03
444           	3.809946e-03	1.370259e-03	5.726212e-03
445           	4.707535e-03	1.350591e-03	5.211392e-03
446           	5.967133e-03	1.331694e-03	5.848450e-03
447           	5.747659e-03	1.312889e-03	5.676161e-03
448           	4.395984e-03	1.295261e-03	5.323396e-03
449           	4.379770e-03	1.278075e-03	3.304623e-03
450           	8.468683e-03	1.262043e-03	6.163969e-03
451           	4.897844e-03	1.245636e-03	8.010526e-03
452           	4.399478e-03	1.230536e-03	6.403788e-03
453           	3.654939e-03	1.215581e-03	5.537714e-03
454           	6.914794e-03	1.201016e-03	4.569818e-03
455           	7.275965e-03	1.186644e-03	7.395490e-03
456           	3.223060e-03	1.173267e-03	1.094105e-02
457           	2.447106e-03	1.160825e-03	1.102442e-02
458           	3.801074e-03	1.148382e-03	8.057048e-03
459           	3.501282e-03	1.136304e-03	6.799420e-03
460           	3.770661e-03	1.124469e-03	6.761495e-03
461           	4.679352e-03	1.112761e-03	3.714112e-03
462           	1.468830e-02	1.102049e-03	6.023533e-03
463           	1.631850e-02	1.091569e-03	9.422427e-03
464           	7.458154e-03	1.081421e-03	1.126106e-02
465           	3.481062e-03	1.072661e-03	1.448237e-02
466           	4.740834e-03	1.062967e-03	1.008100e-02
467           	5.614842e-03	1.053918e-03	5.963970e-03
468           	4.562015e-03	1.045208e-03	8.203811e-03
469           	8.144910e-03	1.036861e-03	1.037975e-02
470           	9.938650e-03	1.028701e-03	7.836504e-03
471           	8.167414e-03	1.020594e-03	9.313933e-03
472           	1.886887e-02	1.012776e-03	1.149376e-02
473           	4.999531e-02	1.005404e-03	1.720555e-02
474           	2.928688e-02	9.987353e-04	2.531503e-02
475           	1.905080e-02	9.906998e-04	2.999926e-02
476           	2.420008e-02	9.831972e-04	2.673708e-02
477           	2.329731e-02	9.776436e-04	2.298073e-02
478           	6.048232e-03	9.712733e-04	3.475927e-02
479           	4.586502e-03	9.656019e-04	3.474032e-02
480           	3.308388e-03	9.609443e-04	4.054867e-02
481           	3.991658e-03	9.560518e-04	3.396508e-02
482           	3.731848e-03	9.510814e-04	2.746980e-02
483           	4.060656e-03	9.467234e-04	2.483011e-02
484           	6.695360e-03	9.430473e-04	1.627288e-02
485           	7.578305e-03	9.375358e-04	1.327162e-02
486           	4.204377e-03	9.321891e-04	2.692529e-02
487           	2.506550e-03	9.281820e-04	5.572704e-02
488           	2.398449e-03	9.247688e-04	6.471602e-02
489           	2.285416e-03	9.219104e-04	4.669724e-02
490           	2.484630e-03	9.192007e-04	3.456600e-02
491           	1.786618e-03	9.165667e-04	2.947678e-02
492           	2.796065e-03	9.132092e-04	2.273098e-02
493           	2.529257e-03	9.109756e-04	1.758353e-02
494           	2.841257e-03	9.089438e-04	1.450163e-02
495           	1.935899e-03	9.073092e-04	1.116797e-02
496           	2.802063e-03	9.041898e-04	7.198080e-03
497           	2.176904e-03	9.016946e-04	1.290087e-02
498           	2.366257e-03	8.988193e-04	2.794500e-02
499           	1.955114e-03	8.977280e-04	1.743559e-02
500           	1.685764e-03	8.969284e-04	1.379661e-02
501           	2.241054e-03	8.951031e-04	1.034286e-02
502           	1.967411e-03	8.943547e-04	1.407258e-02
503           	2.455290e-03	8.927854e-04	9.955091e-03
504           	2.817275e-03	8.917015e-04	1.538152e-02
505           	3.938280e-03	8.896860e-04	1.429523e-02
506           	2.551271e-03	8.896051e-04	1.575235e-02
507           	4.200572e-03	8.876257e-04	1.964547e-02
508           	3.872262e-03	8.866430e-04	1.073004e-02
509           	2.923207e-03	8.857820e-04	2.529805e-02
510           	2.409022e-03	8.851707e-04	2.007225e-02
511           	2.324912e-03	8.861115e-04	1.065826e-02
512           	1.861935e-03	8.860080e-04	1.171363e-02
513           	1.670403e-03	8.858585e-04	9.219824e-03
514           	1.484940e-03	8.841192e-04	6.394725e-03
515           	1.967136e-03	8.840501e-04	1.007536e-02
516           	1.775804e-03	8.839875e-04	9.755155e-03
517           	1.405648e-03	8.846342e-04	7.589525e-03
518           	1.461262e-03	8.837577e-04	9.048396e-03
519           	2.165132e-03	8.841656e-04	1.010191e-02
520           	2.118058e-03	8.840390e-04	8.162882e-03
521           	1.568617e-03	8.844029e-04	6.051734e-03
522           	1.914585e-03	8.836739e-04	7.393744e-03
523           	1.848479e-03	8.844792e-04	7.754665e-03
524           	1.709401e-03	8.846093e-04	1.041590e-02
525           	1.722666e-03	8.843840e-04	8.135419e-03
526           	1.488272e-03	8.843002e-04	7.271762e-03
527           	2.873875e-03	8.846132e-04	1.064947e-02
528           	2.943634e-03	8.847758e-04	1.204574e-02
529           	3.056368e-03	8.844066e-04	2.133425e-02
530           	3.211293e-03	8.842870e-04	2.050294e-02
531           	2.464561e-03	8.860627e-04	1.069202e-02
532           	2.200744e-03	8.874737e-04	1.184984e-02
533           	1.646882e-03	8.872406e-04	1.614223e-02
534           	3.259694e-03	8.877061e-04	1.532402e-02
535           	2.045057e-03	8.892846e-04	9.347315e-03
536           	2.959441e-03	8.922140e-04	1.472406e-02
537           	1.595802e-03	8.913191e-04	6.347256e-03
538           	3.606979e-03	8.937145e-04	1.182365e-02
539           	3.243132e-03	8.963407e-04	1.758026e-02
540           	2.481915e-03	8.995995e-04	1.928956e-02
541           	3.417905e-03	8.989558e-04	1.307218e-02
542           	3.615040e-03	9.023457e-04	1.084827e-02
543           	2.581516e-03	9.020651e-04	1.364593e-02
544           	2.585332e-03	9.031793e-04	1.319553e-02
545           	1.390253e-03	9.053657e-04	1.484181e-02
546           	1.889234e-03	9.073368e-04	1.174364e-02
547           	2.125194e-03	9.087733e-04	1.162288e-02
548           	1.978462e-03	9.099009e-04	1.107198e-02
549           	2.468196e-03	9.100886e-04	1.342184e-02
550           	3.473170e-03	9.129730e-04	1.701028e-02
551           	1.777028e-03	9.128869e-04	8.594763e-03
552           	2.167440e-03	9.139930e-04	1.361311e-02
553           	3.375273e-03	9.166108e-04	1.445042e-02
554           	2.870545e-03	9.190472e-04	1.602340e-02
555           	3.667809e-03	9.204309e-04	1.686479e-02
556           	2.830358e-03	9.195862e-04	2.576371e-02
557           	1.647051e-03	9.210010e-04	1.574416e-02
558           	2.582017e-03	9.243618e-04	1.389818e-02
559           	2.980740e-03	9.250469e-04	1.340084e-02
560           	3.027925e-03	9.272492e-04	1.642318e-02
561           	2.326493e-03	9.274821e-04	2.073137e-02
562           	3.702848e-03	9.296027e-04	1.547664e-02
563           	3.007058e-03	9.312499e-04	2.231155e-02
564           	3.032596e-03	9.336952e-04	2.016965e-02
565           	2.462146e-03	9.335512e-04	2.242330e-02
566           	3.133003e-03	9.360908e-04	1.242954e-02
567           	2.878018e-03	9.376199e-04	1.761611e-02
568           	2.490831e-03	9.396462e-04	1.894238e-02
569           	2.712999e-03	9.413419e-04	2.009617e-02
570           	3.575302e-03	9.440126e-04	2.239848e-02
571           	2.827117e-03	9.438573e-04	1.390545e-02
572           	2.315328e-03	9.441657e-04	1.904665e-02
573           	3.327661e-03	9.469801e-04	1.599400e-02
574           	3.803787e-03	9.498807e-04	1.813049e-02
575           	4.230637e-03	9.531038e-04	2.235839e-02
576           	2.350370e-03	9.539150e-04	2.414680e-02
577           	2.828153e-03	9.581134e-04	1.578093e-02
578           	3.486019e-03	9.615661e-04	1.415660e-02
579           	3.546944e-03	9.640623e-04	2.032561e-02
580           	3.519650e-03	9.661540e-04	1.382059e-02
581           	2.921545e-03	9.683844e-04	2.188189e-02
582           	3.839424e-03	9.725450e-04	2.350603e-02
583           	3.359013e-03	9.751271e-04	1.992146e-02
584           	2.962476e-03	9.772446e-04	2.197302e-02
585           	3.527624e-03	9.816053e-04	1.618720e-02
586           	4.339594e-03	9.854177e-04	3.433576e-02
587           	3.253998e-03	9.862427e-04	2.252635e-02
588           	4.102761e-03	9.879859e-04	1.691252e-02
589           	5.507730e-03	9.920808e-04	2.554873e-02
590           	4.686430e-03	9.939095e-04	4.544417e-02
591           	3.102690e-03	9.954015e-04	2.274063e-02
592           	3.858633e-03	9.975669e-04	3.030126e-02
593           	5.369271e-03	1.001369e-03	2.886521e-02
594           	5.485419e-03	1.003322e-03	3.422376e-02
595           	4.589745e-03	1.006274e-03	3.101893e-02
596           	3.202788e-03	1.007428e-03	2.890101e-02
597           	4.851757e-03	1.011006e-03	2.633687e-02
598           	3.075800e-03	1.013639e-03	2.942782e-02
599           	1.825011e-03	1.014555e-03	2.896173e-02
600           	2.724477e-03	1.017355e-03	2.797320e-02
601           	3.228183e-03	1.019914e-03	1.947403e-02
602           	2.650764e-03	1.021895e-03	2.104354e-02
603           	3.628256e-03	1.024811e-03	1.963315e-02
604           	3.886535e-03	1.029557e-03	1.222397e-02
605           	7.054924e-03	1.032397e-03	3.794347e-02
606           	6.538013e-03	1.032618e-03	4.880455e-02
607           	3.857192e-03	1.033694e-03	2.845078e-02
608           	3.613759e-03	1.037002e-03	2.556592e-02
609           	5.282811e-03	1.040657e-03	2.113701e-02
610           	5.716068e-03	1.044032e-03	2.553366e-02
611           	3.563260e-03	1.046246e-03	2.621294e-02
612           	4.019131e-03	1.047905e-03	2.376585e-02
613           	2.995829e-03	1.051437e-03	1.789000e-02
614           	2.455818e-03	1.053821e-03	2.389838e-02
615           	5.216463e-03	1.059611e-03	3.509666e-02
616           	4.813227e-03	1.062541e-03	2.981905e-02
617           	3.059248e-03	1.065449e-03	2.143136e-02
618           	3.093684e-03	1.070377e-03	1.690420e-02
619           	3.453871e-03	1.076364e-03	2.406328e-02
620           	5.213497e-03	1.080132e-03	2.757036e-02
621           	5.876022e-03	1.084503e-03	3.068025e-02
622           	6.408343e-03	1.089000e-03	4.209956e-02
623           	4.861930e-03	1.094456e-03	2.686683e-02
624           	3.648496e-03	1.098500e-03	1.796569e-02
625           	5.161826e-03	1.102789e-03	2.898493e-02
626           	8.487252e-03	1.105979e-03	3.704147e-02
627           	1.098913e-02	1.111039e-03	5.987295e-02
628           	8.222197e-03	1.111198e-03	3.951561e-02
629           	9.943466e-03	1.116122e-03	4.578660e-02
630           	7.601497e-03	1.119740e-03	3.990770e-02
631           	5.466451e-03	1.122852e-03	3.083717e-02
632           	5.339329e-03	1.123575e-03	2.714219e-02
633           	6.713801e-03	1.128762e-03	1.943579e-02
634           	8.391267e-03	1.130304e-03	3.685165e-02
635           	1.200811e-02	1.131820e-03	5.497630e-02
636           	1.366588e-02	1.132783e-03	4.623123e-02
637           	6.170254e-03	1.132664e-03	1.740061e-02
638           	7.241393e-03	1.138428e-03	4.050827e-02
639           	6.280294e-03	1.140600e-03	2.139544e-02
640           	1.339139e-02	1.142639e-03	3.521558e-02
641           	1.197348e-02	1.146018e-03	3.905432e-02
642           	5.552738e-03	1.146317e-03	3.173119e-02
643           	7.596030e-03	1.152150e-03	3.048678e-02
644           	1.015478e-02	1.154537e-03	2.405067e-02
645           	1.016742e-02	1.157291e-03	4.644168e-02
646           	2.110631e-02	1.158104e-03	9.777758e-02
647           	1.209087e-02	1.159766e-03	7.696887e-02
648           	1.216903e-02	1.159617e-03	6.783957e-02
649           	4.396328e-03	1.162301e-03	4.127062e-02
650           	1.165075e-02	1.163381e-03	4.799482e-02
651           	1.146699e-02	1.170629e-03	3.130014e-02
652           	1.256574e-02	1.170613e-03	4.517574e-02
653           	6.839158e-03	1.175100e-03	4.813498e-02
654           	8.207821e-03	1.171865e-03	7.376177e-02
655           	9.561283e-03	1.175230e-03	4.044204e-02
656           	7.127070e-03	1.180119e-03	2.935905e-02
657           	9.593790e-03	1.184846e-03	2.989692e-02
658           	1.069598e-02	1.184985e-03	3.866380e-02
659           	6.906012e-03	1.193330e-03	6.038313e-02
660           	7.818294e-03	1.195524e-03	4.822212e-02
661           	6.824871e-03	1.198486e-03	2.776184e-02
662           	1.258938e-02	1.200238e-03	6.040452e-02
663           	1.066098e-02	1.203365e-03	4.920378e-02
664           	5.493498e-03	1.205776e-03	5.082867e-02
665           	6.198563e-03	1.209320e-03	4.149470e-02
666           	9.184619e-03	1.211664e-03	4.286811e-02
667           	7.792821e-03	1.214200e-03	3.516738e-02
668           	1.042850e-02	1.221162e-03	3.983443e-02
669           	8.163795e-03	1.225438e-03	5.411814e-02
670           	6.428038e-03	1.228811e-03	4.197500e-02
671           	8.586838e-03	1.230928e-03	3.860436e-02
672           	1.117613e-02	1.233697e-03	5.331404e-02
673           	7.547969e-03	1.233886e-03	3.813254e-02
674           	5.806921e-03	1.238796e-03	3.882224e-02
675           	1.036581e-02	1.241964e-03	4.222062e-02
676           	1.164198e-02	1.243972e-03	7.060039e-02
677           	9.659955e-03	1.246148e-03	4.570608e-02
678           	6.037697e-03	1.248309e-03	5.266378e-02
679           	9.232225e-03	1.248446e-03	6.946447e-02
680           	8.281814e-03	1.253641e-03	3.642711e-02
681           	6.810511e-03	1.257129e-03	5.630952e-02
682           	7.927289e-03	1.257505e-03	3.987585e-02
683           	8.219136e-03	1.261811e-03	3.991402e-02
684           	1.217372e-02	1.266574e-03	5.545692e-02
685           	1.439936e-02	1.267022e-03	6.371773e-02
686           	1.026237e-02	1.270522e-03	8.383043e-02
687           	9.315113e-03	1.272220e-03	6.014203e-02
688           	7.956341e-03	1.275673e-03	5.825783e-02
689           	8.551376e-03	1.277162e-03	5.673659e-02
690           	8.413517e-03	1.276771e-03	6.023816e-02
691           	8.146392e-03	1.275215e-03	6.567627e-02
692           	9.516942e-03	1.279046e-03	8.195121e-02
693           	6.898567e-03	1.282265e-03	3.643343e-02
694           	1.217170e-02	1.281846e-03	6.948120e-02
695           	1.165600e-02	1.280391e-03	7.066407e-02
696           	5.818047e-03	1.284371e-03	4.402476e-02
697           	9.318686e-03	1.286915e-03	4.946967e-02
698           	1.050242e-02	1.285825e-03	5.955194e-02
699           	6.755320e-03	1.284732e-03	3.719651e-02
700           	9.157843e-03	1.288805e-03	5.391911e-02
701           	8.280231e-03	1.295115e-03	3.991321e-02
702           	8.505598e-03	1.294270e-03	5.074148e-02
703           	1.305855e-02	1.297058e-03	6.809099e-02
704           	1.194981e-02	1.295315e-03	5.399712e-02
705           	9.037348e-03	1.298437e-03	5.133231e-02
706           	1.014961e-02	1.300698e-03	5.623839e-02
707           	1.034225e-02	1.306346e-03	4.692683e-02
708           	1.058491e-02	1.305656e-03	4.428768e-02
709           	8.352439e-03	1.309047e-03	4.624943e-02
710           	8.123367e-03	1.309366e-03	4.422252e-02
711           	8.278579e-03	1.311029e-03	4.206186e-02
712           	8.800822e-03	1.317635e-03	5.842217e-02
713           	1.482210e-02	1.318355e-03	6.287190e-02
714           	1.383587e-02	1.315328e-03	7.722043e-02
715           	1.008559e-02	1.317726e-03	4.935917e-02
716           	1.024334e-02	1.323457e-03	5.569825e-02
717           	7.794066e-03	1.328150e-03	3.436802e-02
718           	1.277125e-02	1.328240e-03	6.092276e-02
719           	1.104462e-02	1.329008e-03	5.628392e-02
720           	1.472854e-02	1.331711e-03	7.695225e-02
721           	1.048255e-02	1.333695e-03	5.760511e-02
722           	1.170784e-02	1.333163e-03	5.831398e-02
723           	1.127941e-02	1.333596e-03	6.197786e-02
724           	1.274680e-02	1.337914e-03	6.949538e-02
725           	7.580410e-03	1.339073e-03	3.397225e-02
726           	1.068327e-02	1.340991e-03	4.567004e-02
727           	1.160473e-02	1.343530e-03	5.166242e-02
728           	8.902489e-03	1.346450e-03	6.876195e-02
729           	6.918552e-03	1.349850e-03	5.937479e-02
730           	5.124368e-03	1.352267e-03	5.453325e-02
731           	8.087483e-03	1.353178e-03	5.223779e-02
732           	1.081590e-02	1.353909e-03	5.520598e-02
733           	1.357685e-02	1.355244e-03	5.890759e-02
734           	2.200091e-02	1.356644e-03	1.337386e-01
735           	1.332794e-02	1.353526e-03	8.719459e-02
736           	6.923044e-03	1.352826e-03	4.799418e-02
737           	7.778154e-03	1.356425e-03	3.606706e-02
738           	1.023687e-02	1.359967e-03	3.709840e-02
739           	6.968585e-03	1.363453e-03	4.786922e-02
740           	7.242721e-03	1.365590e-03	4.911344e-02
741           	1.025707e-02	1.367094e-03	6.350124e-02
742           	1.436291e-02	1.367898e-03	7.873278e-02
743           	1.104639e-02	1.364413e-03	5.688993e-02
744           	7.432429e-03	1.365415e-03	4.974940e-02
745           	6.721808e-03	1.366664e-03	5.258345e-02
746           	7.581116e-03	1.367632e-03	4.100867e-02
747           	8.152132e-03	1.368727e-03	4.333995e-02
748           	1.226384e-02	1.368047e-03	4.627478e-02
749           	9.127873e-03	1.365517e-03	3.773506e-02
750           	9.252191e-03	1.365935e-03	3.417105e-02
751           	1.207756e-02	1.365368e-03	9.380666e-02
752           	9.514416e-03	1.360886e-03	4.497671e-02
753           	9.938660e-03	1.359954e-03	6.160668e-02
754           	9.614157e-03	1.358127e-03	5.330492e-02
755           	8.134977e-03	1.356743e-03	3.545591e-02
756           	7.551050e-03	1.353421e-03	4.012363e-02
757           	1.289867e-02	1.349904e-03	4.813454e-02
758           	1.299069e-02	1.345701e-03	4.856828e-02
759           	9.745549e-03	1.341965e-03	5.258845e-02
760           	1.284570e-02	1.341545e-03	3.825383e-02
761           	1.177540e-02	1.339697e-03	3.372120e-02
762           	1.468471e-02	1.336250e-03	6.843472e-02
763           	1.293183e-02	1.326831e-03	6.468790e-02
764           	1.427684e-02	1.320763e-03	7.599256e-02
765           	9.406368e-03	1.314664e-03	4.528813e-02
766           	1.105634e-02	1.311488e-03	6.383605e-02
767           	1.031406e-02	1.304367e-03	5.351417e-02
768           	1.122996e-02	1.298060e-03	5.451344e-02
769           	1.113154e-02	1.292716e-03	5.133080e-02
770           	1.075409e-02	1.287039e-03	6.480680e-02
771           	7.498555e-03	1.280995e-03	6.305762e-02
772           	1.138357e-02	1.272776e-03	7.813858e-02
773           	1.226080e-02	1.266195e-03	6.767299e-02
774           	1.018954e-02	1.257274e-03	4.260293e-02
775           	7.822056e-03	1.251453e-03	5.020465e-02
776           	1.065021e-02	1.243499e-03	6.032542e-02
777           	1.251232e-02	1.236207e-03	5.214674e-02
778           	1.175729e-02	1.224569e-03	5.670615e-02
779           	1.020466e-02	1.213614e-03	4.419438e-02
780           	1.158792e-02	1.205476e-03	4.978181e-02
781           	1.421746e-02	1.193980e-03	4.638597e-02
782           	1.307001e-02	1.185407e-03	6.693425e-02
783           	1.139149e-02	1.173971e-03	9.085222e-02
784           	9.350793e-03	1.161897e-03	5.119404e-02
785           	6.744345e-03	1.152327e-03	3.710538e-02
786           	9.910767e-03	1.144386e-03	4.581608e-02
787           	1.325319e-02	1.133394e-03	3.931319e-02
788           	1.545067e-02	1.122315e-03	8.577785e-02
789           	1.054346e-02	1.110563e-03	6.184694e-02
790           	8.787864e-03	1.100616e-03	4.420449e-02
791           	9.970138e-03	1.089606e-03	4.996844e-02
792           	1.205129e-02	1.080391e-03	5.230152e-02
793           	1.385828e-02	1.070443e-03	4.150790e-02
794           	1.379234e-02	1.057384e-03	3.879539e-02
795           	1.147423e-02	1.045131e-03	3.767705e-02
796           	7.534300e-03	1.033883e-03	3.419868e-02
797           	8.512022e-03	1.023162e-03	3.068939e-02
798           	9.740646e-03	1.011706e-03	2.778384e-02
799           	1.372377e-02	9.990825e-04	4.829974e-02
800           	8.367597e-03	9.863292e-04	3.691456e-02
801           	8.693142e-03	9.749221e-04	3.079031e-02
802           	8.400318e-03	9.637557e-04	3.059672e-02
803           	1.020413e-02	9.518869e-04	2.411572e-02
804           	8.693303e-03	9.408445e-04	2.950626e-02
805           	1.063754e-02	9.243948e-04	3.396168e-02
806           	9.085341e-03	9.126710e-04	3.321537e-02
807           	9.147860e-03	8.954543e-04	2.908352e-02
808           	7.547088e-03	8.834310e-04	3.073329e-02
809           	9.488834e-03	8.665807e-04	2.977931e-02
810           	1.270484e-02	8.550485e-04	3.635923e-02
811           	1.063163e-02	8.373332e-04	3.501008e-02
812           	1.217209e-02	8.260981e-04	4.804282e-02
813           	1.231832e-02	8.089486e-04	4.458094e-02
814           	1.112848e-02	7.979825e-04	3.304820e-02
815           	8.190431e-03	7.807165e-04	3.209359e-02
816           	1.140614e-02	7.700870e-04	3.638530e-02
817           	1.375807e-02	7.531733e-04	4.090070e-02
818           	1.453823e-02	7.434382e-04	4.485543e-02
819           	1.416758e-02	7.261676e-04	5.418850e-02
820           	1.038379e-02	7.162687e-04	3.489755e-02
821           	1.229521e-02	6.994413e-04	4.296665e-02
822           	1.447724e-02	6.902064e-04	3.952920e-02
823           	1.561500e-02	6.734565e-04	4.366242e-02
824           	1.403410e-02	6.639768e-04	3.810164e-02
825           	1.415651e-02	6.473940e-04	5.654683e-02
826           	1.287587e-02	6.394495e-04	4.655917e-02
827           	1.390624e-02	6.229742e-04	5.039595e-02
828           	1.513429e-02	6.147348e-04	4.766530e-02
829           	1.496111e-02	5.979188e-04	4.266587e-02
830           	1.289453e-02	5.889060e-04	3.196525e-02
831           	1.668930e-02	5.736694e-04	5.535836e-02
832           	1.243606e-02	5.665922e-04	4.435770e-02
833           	1.292250e-02	5.498059e-04	4.103599e-02
834           	1.557114e-02	5.414268e-04	4.975262e-02
835           	1.953988e-02	5.261323e-04	7.131696e-02
836           	2.006379e-02	5.194724e-04	7.867056e-02
837           	1.971971e-02	5.045941e-04	7.454330e-02
838           	1.888029e-02	4.988702e-04	5.241466e-02
839           	3.119002e-02	4.830558e-04	8.316390e-02
840           	2.777066e-02	4.774546e-04	8.016593e-02
841           	2.199299e-02	4.627109e-04	6.264400e-02
842           	1.986522e-02	4.553821e-04	6.927417e-02
843           	1.904597e-02	4.410969e-04	6.106514e-02
844           	2.329455e-02	4.267819e-04	6.552857e-02
845           	1.865838e-02	4.225029e-04	8.984094e-02
846           	2.630313e-02	4.088730e-04	1.109241e-01
847           	2.669822e-02	3.966124e-04	8.059036e-02
848           	3.514016e-02	3.914254e-04	1.054289e-01
849           	3.973230e-02	3.772405e-04	9.811210e-02
850           	2.886791e-02	3.665915e-04	9.311932e-02
851           	3.188757e-02	3.609464e-04	8.853881e-02
852           	2.913384e-02	3.483467e-04	9.072274e-02
853           	3.889062e-02	3.388817e-04	1.002953e-01
854           	3.088329e-02	3.329696e-04	1.096222e-01
855           	2.399830e-02	3.215112e-04	6.387205e-02
856           	3.374550e-02	3.108346e-04	7.407758e-02
857           	4.098616e-02	3.034506e-04	1.557317e-01
858           	3.125110e-02	2.915136e-04	1.086487e-01
859           	4.449796e-02	2.821913e-04	1.923586e-01
860           	3.378547e-02	2.727151e-04	1.293999e-01
861           	2.377626e-02	2.661914e-04	1.345774e-01
862           	2.756789e-02	2.556913e-04	1.005594e-01
863           	3.209651e-02	2.473075e-04	1.067110e-01
864           	5.025306e-02	2.391372e-04	1.497886e-01
865           	4.198513e-02	2.301420e-04	1.377154e-01
866           	5.671944e-02	2.240661e-04	1.269728e-01
867           	4.396040e-02	2.153352e-04	1.358814e-01
868           	7.712011e-02	2.065744e-04	1.619826e-01
869           	6.397586e-02	1.988151e-04	1.752623e-01
870           	3.945111e-02	1.908252e-04	8.776703e-02
871           	8.179916e-02	1.816144e-04	1.093305e-01
872           	9.152460e-02	1.763922e-04	1.436654e-01
873           	7.666823e-02	1.672572e-04	2.178839e-01
874           	9.570890e-02	1.590556e-04	3.021216e-01
875           	8.396414e-02	1.513753e-04	1.658067e-01
876           	7.231640e-02	1.441383e-04	1.678528e-01
877           	5.886648e-02	1.368686e-04	1.406817e-01
878           	6.258554e-02	1.295967e-04	1.549598e-01
879           	9.312313e-02	1.209314e-04	1.960678e-01
880           	6.910769e-02	1.128916e-04	1.696975e-01
881           	8.693937e-02	1.088997e-04	1.789215e-01
882           	8.895653e-02	1.009532e-04	1.267061e-01
883           	7.361887e-02	9.389968e-05	1.428350e-01
884           	5.795028e-02	8.693513e-05	1.010564e-01
885           	4.472683e-02	8.054189e-05	1.036234e-01
886           	9.048779e-02	7.481629e-05	1.658622e-01
887           	1.057300e-01	7.540652e-05	3.318796e-01
888           	6.731005e-02	6.784051e-05	1.888447e-01
889           	4.674999e-02	6.187505e-05	1.728297e-01
890           	3.479521e-02	5.720436e-05	1.503218e-01
891           	4.028185e-02	5.192400e-05	1.747003e-01
892           	3.265835e-02	4.786345e-05	1.176748e-01
893           	2.952717e-02	4.306245e-05	1.688503e-01
894           	3.153900e-02	4.504902e-05	2.405152e-01
895           	3.859836e-02	3.960187e-05	1.952994e-01
896           	3.613751e-02	3.599189e-05	1.448360e-01
897           	3.619707e-02	3.296344e-05	1.913042e-01
898           	2.879367e-02	3.062713e-05	8.287119e-02
899           	3.595530e-02	2.907836e-05	1.315245e-01
900           	2.936584e-02	2.850834e-05	1.437103e-01
901           	4.365330e-02	2.902373e-05	1.236755e-01
902           	3.396136e-02	2.958234e-05	1.335286e-01
903           	2.338605e-02	2.951397e-05	1.371082e-01
904           	2.918167e-02	3.030793e-05	1.144049e-01
905           	3.928551e-02	3.208606e-05	1.231593e-01
906           	3.506262e-02	3.377686e-05	6.792904e-02
907           	2.129157e-02	3.592937e-05	8.006289e-02
908           	2.667985e-02	3.777198e-05	7.615711e-02
909           	3.812107e-02	4.007038e-05	1.218732e-01
910           	4.481624e-02	4.214014e-05	2.133083e-01
911           	3.246093e-02	4.425742e-05	1.936835e-01
912           	4.067962e-02	4.643159e-05	1.414868e-01
913           	3.519618e-02	4.852513e-05	1.337154e-01
914           	2.134488e-02	5.069204e-05	9.172199e-02
915           	2.914737e-02	5.292388e-05	1.757235e-01
916           	3.285990e-02	5.544909e-05	1.354723e-01
917           	3.313211e-02	5.758592e-05	1.271970e-01
918           	4.160006e-02	6.007800e-05	1.020641e-01
919           	3.523284e-02	6.223438e-05	8.024325e-02
920           	5.105474e-02	6.406056e-05	9.207930e-02
921           	3.944486e-02	6.560615e-05	9.243398e-02
922           	3.579607e-02	6.771703e-05	8.949958e-02
923           	5.599547e-02	6.940631e-05	1.044434e-01
924           	3.010005e-02	7.112020e-05	1.037080e-01
925           	3.438340e-02	7.239848e-05	1.090659e-01
926           	4.126581e-02	7.374536e-05	1.339012e-01
927           	1.470982e-02	7.497169e-05	7.208677e-02
928           	2.436956e-02	7.617620e-05	7.592883e-02
929           	2.103783e-02	7.745183e-05	5.605858e-02
930           	3.150965e-02	7.843848e-05	8.577970e-02
931           	2.060863e-02	7.958218e-05	5.257296e-02
932           	3.289211e-02	8.064327e-05	1.142491e-01
933           	2.263099e-02	8.172396e-05	9.762468e-02
934           	2.310336e-02	8.243904e-05	1.139712e-01
935           	2.439857e-02	8.286322e-05	8.135353e-02
936           	2.964576e-02	8.327429e-05	1.060991e-01
937           	2.473784e-02	8.388209e-05	9.518715e-02
938           	2.843541e-02	8.432198e-05	9.194172e-02
939           	2.374096e-02	8.462669e-05	8.570758e-02
940           	2.934326e-02	8.467462e-05	9.650410e-02
941           	2.322535e-02	8.469814e-05	6.888406e-02
942           	2.366324e-02	8.483696e-05	7.310632e-02
943           	2.306415e-02	8.496364e-05	6.203493e-02
944           	3.560438e-02	8.501110e-05	9.773359e-02
945           	3.552647e-02	8.474121e-05	8.924281e-02
946           	3.243041e-02	8.446319e-05	9.372764e-02
947           	2.620478e-02	8.411395e-05	7.943641e-02
948           	2.246816e-02	8.372228e-05	6.255156e-02
949           	3.033407e-02	8.334884e-05	5.929010e-02
950           	2.680315e-02	8.291510e-05	4.037556e-02
951           	2.491672e-02	8.246220e-05	4.938494e-02
952           	1.557284e-02	8.208817e-05	3.280591e-02
953           	1.374190e-02	8.173368e-05	4.075397e-02
954           	1.724434e-02	8.132979e-05	3.341736e-02
955           	1.695459e-02	8.084882e-05	2.636161e-02
956           	1.777944e-02	8.036121e-05	3.555937e-02
957           	1.897441e-02	7.984962e-05	3.722815e-02
958           	1.250444e-02	7.931733e-05	2.091796e-02
959           	1.498365e-02	7.874658e-05	2.376284e-02
960           	1.684588e-02	7.804608e-05	2.462387e-02
961           	8.633147e-02	7.759754e-05	1.446535e-01
962           	6.202372e-02	7.545450e-05	1.529602e-01
963           	5.223472e-02	7.424867e-05	1.370681e-01
964           	3.812316e-02	7.318234e-05	1.127694e-01
965           	3.406433e-02	7.216086e-05	8.667654e-02
966           	2.748895e-02	7.114084e-05	6.823939e-02
967           	2.377870e-02	7.011481e-05	5.437581e-02
968           	1.933253e-02	6.907172e-05	4.937646e-02
969           	1.671724e-02	6.802340e-05	4.321337e-02
970           	1.616272e-02	6.697734e-05	3.940772e-02
971           	1.365876e-02	6.588770e-05	4.557421e-02
972           	1.064772e-02	6.480496e-05	5.120505e-02
973           	8.270056e-03	6.378109e-05	4.465425e-02
974           	8.813025e-03	6.274359e-05	3.598277e-02
975           	7.655375e-03	6.163499e-05	2.980940e-02
976           	7.674461e-03	6.062852e-05	2.476255e-02
977           	7.731283e-03	5.959538e-05	2.360565e-02
978           	6.741379e-03	5.847512e-05	2.212136e-02
979           	7.928265e-03	5.747061e-05	3.184928e-02
980           	6.126248e-03	5.645704e-05	2.200226e-02
981           	5.561449e-03	5.537940e-05	2.370994e-02
982           	5.424199e-03	5.438191e-05	2.398893e-02
983           	4.718970e-03	5.338467e-05	1.283382e-02
984           	7.633859e-03	5.219133e-05	2.066100e-02
985           	1.207096e-02	5.116471e-05	2.747770e-02
986           	1.356481e-02	4.997965e-05	4.134309e-02
987           	1.387447e-02	4.871527e-05	4.748906e-02
988           	1.338621e-02	4.760320e-05	5.226599e-02
989           	1.148101e-02	4.649050e-05	4.323186e-02
990           	1.041426e-02	4.532519e-05	4.042874e-02
991           	1.105071e-02	4.422665e-05	4.220978e-02
992           	9.501832e-03	4.306827e-05	4.352286e-02
993           	8.327336e-03	4.205816e-05	4.842575e-02
994           	8.092052e-03	4.106180e-05	4.996896e-02
995           	5.836330e-03	4.005294e-05	3.811449e-02
996           	6.444121e-03	3.910292e-05	2.554496e-02
997           	5.665096e-03	3.813360e-05	2.329567e-02
998           	2.061875e-02	3.979417e-05	1.058598e-01
999           	1.877591e-02	3.609570e-05	1.027636e-01
1000          	1.660240e-02	3.394817e-05	1.065214e-01
1001          	1.368799e-02	3.226128e-05	9.236589e-02
1002          	1.203238e-02	3.105719e-05	6.102896e-02
1003          	1.409641e-02	2.992464e-05	5.379504e-02
1004          	9.894684e-03	2.878820e-05	3.185650e-02
1005          	9.152823e-03	2.766579e-05	3.563126e-02
1006          	8.943840e-03	2.673680e-05	4.869181e-02
1007          	7.363639e-03	2.580574e-05	4.943144e-02
1008          	7.333615e-03	2.485061e-05	2.867750e-02
1009          	7.499583e-03	2.389004e-05	2.574096e-02
1010          	6.039501e-03	2.298357e-05	2.231982e-02
1011          	5.797016e-03	2.206150e-05	3.245416e-02
1012          	7.283867e-03	2.115679e-05	3.038397e-02
1013          	7.953479e-03	2.031079e-05	3.476590e-02
1014          	5.918608e-03	1.946022e-05	3.320784e-02
1015          	7.260569e-03	1.862534e-05	3.694935e-02
1016          	6.087410e-03	1.781190e-05	2.831455e-02
1017          	5.027924e-03	1.703215e-05	2.185081e-02
1018          	5.795932e-03	1.630858e-05	2.796246e-02
1019          	4.629782e-03	1.566298e-05	2.175023e-02
1020          	4.985880e-03	1.500244e-05	1.910001e-02
1021          	5.362146e-03	1.426735e-05	2.775688e-02
1022          	4.766775e-03	1.363911e-05	2.194193e-02
1023          	6.688780e-03	1.298952e-05	2.418010e-02
1024          	4.367752e-03	1.249280e-05	2.264465e-02
1025          	3.854005e-03	1.188466e-05	3.819113e-02
1026          	5.522996e-03	1.128234e-05	4.127127e-02
1027          	5.960503e-03	1.085472e-05	3.413104e-02
1028          	5.477963e-03	1.043593e-05	2.802964e-02
1029          	4.832315e-03	9.907106e-06	3.965859e-02
1030          	5.526812e-03	9.736252e-06	4.750413e-02
1031          	4.411978e-03	9.542895e-06	4.847797e-02
1032          	5.234130e-03	9.371193e-06	4.519454e-02
1033          	4.169844e-03	9.207289e-06	4.349774e-02
1034          	4.356752e-03	8.965553e-06	5.683774e-02
1035          	5.110140e-03	8.892233e-06	4.559818e-02
1036          	3.751095e-03	8.835725e-06	3.983441e-02
1037          	3.916831e-03	8.699356e-06	4.005100e-02
1038          	4.375525e-03	8.586513e-06	4.295224e-02
1039          	4.043625e-03	8.522535e-06	2.950147e-02
1040          	4.047190e-03	8.542700e-06	2.937918e-02
1041          	4.184118e-03	8.580523e-06	2.831318e-02
1042          	4.705729e-03	8.627203e-06	3.707122e-02
1043          	3.528930e-03	8.696489e-06	2.337407e-02
1044          	2.803836e-03	8.724803e-06	2.280247e-02
1045          	3.156255e-03	8.796075e-06	2.560342e-02
1046          	3.438459e-03	8.886816e-06	2.957264e-02
1047          	3.112176e-03	9.039194e-06	2.566413e-02
1048          	2.553476e-03	9.243896e-06	2.199846e-02
1049          	3.126676e-03	9.440805e-06	2.888698e-02
1050          	2.243342e-03	9.672846e-06	1.014512e-02
1051          	1.094252e-02	1.001665e-05	3.062779e-02
1052          	8.382483e-03	1.000482e-05	5.237473e-02
1053          	5.664423e-03	1.015680e-05	8.274135e-02
1054          	6.256434e-03	1.027080e-05	8.494506e-02
1055          	5.594878e-03	1.044080e-05	6.367490e-02
1056          	4.955235e-03	1.060120e-05	5.575428e-02
1057          	4.773333e-03	1.076472e-05	4.380448e-02
1058          	3.807926e-03	1.093244e-05	3.371813e-02
1059          	3.233030e-03	1.113634e-05	3.092469e-02
1060          	4.100908e-03	1.130862e-05	3.102202e-02
1061          	4.467302e-03	1.150910e-05	2.449304e-02
1062          	4.692475e-03	1.167692e-05	2.649622e-02
1063          	3.162588e-03	1.184013e-05	2.413415e-02
1064          	4.006643e-03	1.208468e-05	1.878137e-02
1065          	3.275327e-03	1.228468e-05	2.369050e-02
1066          	3.516790e-03	1.251836e-05	1.756995e-02
1067          	3.446698e-03	1.276169e-05	2.227612e-02
1068          	3.114119e-03	1.300701e-05	1.358344e-02
1069          	3.560607e-03	1.324921e-05	1.844891e-02
1070          	3.294373e-03	1.353231e-05	1.978468e-02
1071          	2.751319e-03	1.378005e-05	1.193605e-02
1072          	2.141750e-03	1.403947e-05	1.519445e-02
1073          	2.749326e-03	1.433176e-05	1.658827e-02
1074          	1.956744e-03	1.457131e-05	1.385689e-02
1075          	2.458989e-03	1.481948e-05	1.583794e-02
1076          	2.739757e-03	1.507828e-05	1.656974e-02
1077          	2.449272e-03	1.528833e-05	1.365724e-02
1078          	2.120578e-03	1.551368e-05	1.391718e-02
1079          	2.853667e-03	1.576214e-05	1.393860e-02
1080          	2.332310e-03	1.597023e-05	1.373262e-02
1081          	2.232235e-03	1.616084e-05	1.289223e-02
1082          	3.324078e-03	1.638149e-05	1.385061e-02
1083          	3.049936e-03	1.661373e-05	1.305128e-02
1084          	2.573647e-03	1.676383e-05	1.584129e-02
1085          	2.658481e-03	1.691874e-05	2.275145e-02
1086          	2.423604e-03	1.702337e-05	2.593779e-02
1087          	2.301790e-03	1.713357e-05	2.264430e-02
1088          	2.799172e-03	1.723635e-05	1.435723e-02
1089          	2.124222e-03	1.731070e-05	1.333694e-02
1090          	2.280676e-03	1.738323e-05	1.200243e-02
1091          	2.040623e-03	1.742938e-05	9.779802e-03
1092          	1.601581e-03	1.747240e-05	7.031694e-03
1093          	1.249506e-03	1.749599e-05	8.741148e-03
1094          	1.886493e-03	1.753173e-05	7.449840e-03
1095          	1.988204e-03	1.753648e-05	7.167816e-03
1096          	1.487267e-03	1.753903e-05	7.922124e-03
1097          	1.734352e-03	1.752643e-05	9.887731e-03
1098          	1.375118e-03	1.750662e-05	6.820397e-03
1099          	1.384484e-03	1.748051e-05	7.366747e-03
1100          	1.429359e-03	1.744183e-05	8.743402e-03
1101          	9.302215e-04	1.739105e-05	6.194762e-03
1102          	1.536271e-03	1.733638e-05	6.692976e-03
1103          	1.217590e-03	1.727856e-05	4.433532e-03
1104          	1.158245e-03	1.721011e-05	5.351648e-03
1105          	9.385335e-04	1.713116e-05	4.845427e-03
1106          	1.248834e-03	1.704518e-05	5.120053e-03
1107          	1.787401e-03	1.695445e-05	5.247205e-03
1108          	1.588335e-03	1.677327e-05	1.550989e-02
1109          	1.514331e-03	1.668558e-05	2.169212e-02
1110          	1.603593e-03	1.660749e-05	2.184107e-02
1111          	1.278324e-03	1.653338e-05	2.015374e-02
1112          	1.145250e-03	1.647353e-05	1.914713e-02
1113          	7.481676e-04	1.641185e-05	1.518007e-02
1114          	7.729432e-04	1.634831e-05	1.041058e-02
1115          	7.536737e-04	1.628269e-05	6.081461e-03
1116          	6.163424e-04	1.621497e-05	7.237925e-03
1117          	6.858819e-04	1.614932e-05	6.295301e-03
1118          	6.964080e-04	1.608390e-05	4.845950e-03
1119          	8.290869e-04	1.601805e-05	6.535891e-03
1120          	7.030680e-04	1.594220e-05	6.843610e-03
1121          	6.516343e-04	1.587149e-05	5.195354e-03
1122          	5.871582e-04	1.579079e-05	4.494408e-03
1123          	4.792902e-04	1.570734e-05	4.015583e-03
1124          	4.955085e-04	1.562151e-05	3.898897e-03
1125          	4.336090e-04	1.553309e-05	3.390646e-03
1126          	4.844239e-04	1.544306e-05	3.356219e-03
1127          	4.401317e-04	1.535076e-05	2.917586e-03
1128          	4.088554e-04	1.525577e-05	2.625642e-03
1129          	3.531465e-04	1.515869e-05	2.910397e-03
1130          	3.997559e-04	1.505951e-05	3.314203e-03
1131          	4.170732e-04	1.495806e-05	3.033922e-03
1132          	4.084000e-04	1.485448e-05	3.602584e-03
1133          	4.043420e-04	1.474890e-05	3.488617e-03
1134          	4.686513e-04	1.464144e-05	4.219387e-03
1135          	4.558880e-04	1.453201e-05	3.889335e-03
1136          	3.272718e-02	2.230139e-05	9.707584e-02
1137          	2.898143e-02	2.096249e-05	1.065828e-01
1138          	2.437496e-02	2.021082e-05	1.146365e-01
1139          	1.759681e-02	1.963957e-05	1.014017e-01
1140          	1.351048e-02	1.917015e-05	9.449146e-02
1141          	1.010628e-02	1.873128e-05	7.767253e-02
1142          	8.140305e-03	1.830676e-05	6.762023e-02
1143          	6.664667e-03	1.791972e-05	5.185643e-02
1144          	5.446985e-03	1.756957e-05	4.067584e-02
1145          	4.586576e-03	1.724246e-05	3.298848e-02
1146          	3.657237e-03	1.693364e-05	2.470556e-02
1147          	3.271830e-03	1.663980e-05	2.123097e-02
1148          	2.827496e-03	1.647283e-05	2.583476e-02
1149          	2.412807e-03	1.630065e-05	2.931684e-02
1150          	2.141499e-03	1.613220e-05	2.720483e-02
1151          	1.888877e-03	1.596755e-05	2.514180e-02
1152          	1.600361e-03	1.580625e-05	2.093080e-02
1153          	1.422669e-03	1.564765e-05	1.600371e-02
1154          	1.178506e-03	1.549129e-05	1.061488e-02
1155          	1.075614e-03	1.533489e-05	8.502422e-03
1156          	9.590944e-04	1.518151e-05	8.089337e-03
1157          	8.283753e-04	1.502915e-05	8.351435e-03
1158          	7.729651e-04	1.487867e-05	8.691325e-03
1159          	7.261549e-04	1.472964e-05	8.978293e-03
1160          	6.708577e-04	1.458184e-05	9.128458e-03
1161          	5.951518e-04	1.443510e-05	8.337970e-03
1162          	5.267834e-04	1.428933e-05	7.219236e-03
1163          	4.740585e-04	1.414437e-05	6.073978e-03
1164          	4.199160e-04	1.400001e-05	5.315131e-03
1165          	3.923136e-04	1.385628e-05	4.521754e-03
1166          	3.687207e-04	1.371304e-05	4.137725e-03
1167          	3.401724e-04	1.357239e-05	4.059390e-03
1168          	3.201539e-04	1.343349e-05	4.097417e-03
1169          	3.100164e-04	1.329529e-05	4.349766e-03
1170          	2.921281e-04	1.315733e-05	4.581377e-03
1171          	2.835427e-04	1.301961e-05	4.629966e-03
1172          	2.762676e-04	1.288210e-05	4.669609e-03
1173          	2.620354e-04	1.274482e-05	4.802029e-03
1174          	2.502638e-04	1.260776e-05	4.673665e-03
1175          	2.470013e-04	1.247090e-05	4.606515e-03
1176          	2.377289e-04	1.233426e-05	4.668356e-03
1177          	2.300519e-04	1.219786e-05	4.730573e-03
1178          	2.220220e-04	1.206168e-05	4.566144e-03
1179          	3.057041e-04	1.190505e-05	4.762752e-03
1180          	2.685449e-04	1.176923e-05	4.810932e-03
1181          	2.411471e-04	1.163348e-05	4.596260e-03
1182          	2.934614e-04	1.147573e-05	4.803564e-03
1183          	3.387541e-04	1.131771e-05	5.381889e-03
1184          	2.970433e-04	1.118289e-05	4.829889e-03
1185          	2.617807e-04	1.104908e-05	4.957445e-03
1186          	3.034336e-04	1.089116e-05	5.407825e-03
1187          	3.115952e-04	1.073372e-05	6.028393e-03
1188          	2.763200e-04	1.060382e-05	5.419916e-03
1189          	2.961211e-04	1.044616e-05	5.362522e-03
1190          	3.198152e-04	1.028949e-05	5.914967e-03
1191          	3.059817e-04	1.016158e-05	5.199599e-03
1192          	2.818925e-04	1.000491e-05	4.976292e-03
1193          	1.192320e-03	9.849324e-06	5.696159e-03
1194          	1.395002e-03	9.763664e-06	1.859423e-02
1195          	1.556722e-03	9.693378e-06	2.991064e-02
1196          	1.618972e-03	9.623924e-06	3.482699e-02
1197          	1.538199e-03	9.556655e-06	3.566825e-02
1198          	1.405868e-03	9.490856e-06	3.514238e-02
1199          	1.250871e-03	9.425591e-06	3.483810e-02
1200          	1.117246e-03	9.360861e-06	3.322061e-02
1201          	1.005862e-03	9.296837e-06	3.245440e-02
1202          	8.853338e-04	9.233049e-06	3.034210e-02
1203          	8.395509e-04	9.169838e-06	2.853563e-02
1204          	8.340225e-04	9.107224e-06	2.603465e-02
1205          	7.963282e-04	9.044958e-06	2.303544e-02
1206          	7.328850e-04	8.983074e-06	2.041626e-02
1207          	6.923941e-04	8.921660e-06	1.778107e-02
1208          	6.338914e-04	8.860368e-06	1.546085e-02
1209          	5.768776e-04	8.775060e-06	1.413860e-02
1210          	5.251195e-04	8.689878e-06	1.289652e-02
1211          	4.948616e-04	8.605583e-06	1.169904e-02
1212          	4.546666e-04	8.521921e-06	1.135031e-02
1213          	4.187738e-04	8.438932e-06	1.056629e-02
1214          	3.810716e-04	8.356678e-06	9.452330e-03
1215          	3.349637e-04	8.275130e-06	9.284685e-03
1216          	3.270725e-04	8.195180e-06	8.250244e-03
1217          	2.791507e-04	8.115798e-06	7.682444e-03
1218          	2.743496e-04	8.037805e-06	6.725430e-03
1219          	2.395868e-04	7.960528e-06	6.380661e-03
1220          	2.409712e-04	7.883668e-06	5.623368e-03
1221          	2.429052e-04	7.807305e-06	5.027359e-03
1222          	1.980428e-04	7.731359e-06	4.617605e-03
1223          	2.369012e-04	7.655822e-06	4.349714e-03
1224          	1.943520e-04	7.580675e-06	3.824318e-03
1225          	1.939097e-04	7.505896e-06	3.413281e-03
1226          	1.669137e-04	7.431469e-06	3.264799e-03
1227          	2.041195e-04	7.357386e-06	2.910919e-03
1228          	1.455948e-04	7.283609e-06	2.427497e-03
1229          	1.759326e-04	7.210168e-06	2.603476e-03
1230          	1.377608e-04	7.136994e-06	2.402163e-03
1231          	1.796116e-04	7.064077e-06	2.236743e-03
1232          	1.453502e-04	6.991414e-06	2.316161e-03
1233          	1.780617e-04	6.919023e-06	2.451158e-03
1234          	1.311165e-04	6.846857e-06	1.930778e-03
1235          	1.541928e-04	6.774901e-06	2.090036e-03
1236          	1.254107e-04	6.703139e-06	1.941213e-03
1237          	1.577329e-04	6.631565e-06	2.020578e-03
1238          	1.213879e-04	6.560177e-06	1.508306e-03
1239          	1.260565e-04	6.488959e-06	1.725685e-03
1240          	1.159671e-04	6.417857e-06	1.452942e-03
1241          	1.286367e-04	6.346973e-06	1.554190e-03
1242          	1.091958e-04	6.276205e-06	1.408133e-03
1243          	1.246251e-04	6.205574e-06	1.782563e-03
1244          	1.214492e-04	6.135085e-06	1.361307e-03
1245          	1.047974e-04	6.064754e-06	1.374680e-03
1246          	1.277022e-04	5.994503e-06	1.458500e-03
1247          	1.161435e-04	5.924511e-06	1.387283e-03
1248          	1.083582e-04	5.856182e-06	1.283309e-03
1249          	1.045905e-04	5.788270e-06	1.366439e-03
1250          	1.205497e-04	5.721282e-06	1.317974e-03
1251          	9.793812e-05	5.654913e-06	1.165327e-03
1252          	1.064963e-04	5.588495e-06	1.088199e-03
1253          	1.100513e-04	5.522080e-06	1.375758e-03
1254          	1.156886e-04	5.455626e-06	1.270534e-03
1255          	1.068121e-04	5.389825e-06	1.161704e-03
1256          	1.094543e-04	5.325226e-06	1.124702e-03
1257          	1.146576e-04	5.260639e-06	1.284190e-03
1258          	1.266026e-04	5.196002e-06	1.338254e-03
1259          	1.064081e-04	5.131391e-06	1.179014e-03
1260          	1.047931e-04	5.066729e-06	1.073602e-03
1261          	1.116697e-04	5.002076e-06	1.278522e-03
1262          	1.011650e-04	4.938025e-06	1.072773e-03
1263          	1.041876e-04	4.875365e-06	1.237542e-03
1264          	1.087012e-04	4.812599e-06	1.104039e-03
1265          	1.001088e-04	4.749806e-06	1.101387e-03
1266          	9.631478e-05	4.686933e-06	9.856802e-04
1267          	9.754602e-05	4.624053e-06	1.111940e-03
1268          	1.122081e-04	4.561117e-06	1.124746e-03
1269          	1.142070e-04	4.498199e-06	1.226317e-03
1270          	1.104546e-04	4.436929e-06	1.157337e-03
1271          	9.283133e-05	4.376212e-06	1.107899e-03
1272          	8.630407e-05	4.315427e-06	8.431818e-04
1273          	1.031296e-04	4.254635e-06	1.062905e-03
1274          	1.035694e-04	4.193776e-06	1.137459e-03
1275          	1.188324e-04	4.132944e-06	1.279962e-03
1276          	1.056703e-04	4.072072e-06	1.188185e-03
1277          	9.715561e-05	4.011241e-06	9.695856e-04
1278          	1.066615e-04	3.952496e-06	1.174547e-03
1279          	9.361375e-05	3.894074e-06	9.682887e-04
1280          	8.921251e-05	3.835615e-06	8.731968e-04
1281          	1.285619e-04	3.777199e-06	1.249082e-03
1282          	1.182355e-04	3.718729e-06	1.292683e-03
1283          	1.077355e-04	3.660317e-06	1.042368e-03
1284          	1.056975e-04	3.601884e-06	1.072998e-03
1285          	1.148782e-04	3.543506e-06	1.168506e-03
1286          	9.661639e-05	3.487068e-06	1.009787e-03
1287          	9.997363e-05	3.431319e-06	9.737700e-04
1288          	9.526269e-05	3.375533e-06	1.003810e-03
1289          	1.125641e-04	3.319811e-06	1.152245e-03
1290          	1.061352e-04	3.264095e-06	1.132130e-03
1291          	1.088703e-04	3.208473e-06	1.199100e-03
1292          	9.689856e-05	3.152838e-06	1.025512e-03
1293          	9.972113e-05	3.097296e-06	1.051316e-03
1294          	9.061719e-05	3.043035e-06	8.765601e-04
1295          	1.036490e-04	2.990272e-06	1.053576e-03
1296          	9.285608e-05	2.937490e-06	1.019207e-03
1297          	1.112570e-04	2.884844e-06	1.048710e-03
1298          	1.090877e-04	2.832201e-06	1.080600e-03
1299          	9.079581e-05	2.779664e-06	1.055161e-03
1300          	8.161377e-05	2.727171e-06	7.927175e-04
1301          	1.055117e-04	2.674806e-06	1.053589e-03
1302          	1.083435e-04	2.622566e-06	1.129703e-03
1303          	1.108699e-04	2.573035e-06	1.045574e-03
1304          	1.006909e-04	2.523581e-06	1.042991e-03
1305          	9.443484e-05	2.474270e-06	1.075399e-03
1306          	8.628583e-05	2.425118e-06	9.032320e-04
1307          	9.533930e-05	2.376140e-06	1.003036e-03
1308          	1.011837e-04	2.327208e-06	1.066646e-03
1309          	9.944299e-05	2.278488e-06	9.724628e-04
1310          	1.052612e-04	2.229816e-06	1.051991e-03
1311          	8.532654e-05	2.182638e-06	9.981356e-04
1312          	8.266159e-05	2.136966e-06	8.335269e-04
1313          	8.994236e-05	2.091481e-06	9.416765e-04
1314          	9.527701e-05	2.046030e-06	1.046560e-03
1315          	9.650375e-05	2.000807e-06	9.367615e-04
1316          	1.017464e-04	1.955610e-06	1.027051e-03
1317          	8.272093e-05	1.910621e-06	9.545213e-04
1318          	7.797944e-05	1.865723e-06	8.160159e-04
1319          	7.924467e-05	1.835960e-06	8.368350e-04
1320          	1.090976e-04	1.792183e-06	8.761630e-04
1321          	9.394889e-05	1.749890e-06	1.051829e-03
1322          	9.056729e-05	1.707886e-06	8.074637e-04
1323          	8.678631e-05	1.680242e-06	7.871670e-04
1324          	8.550104e-05	1.652166e-06	6.840327e-04
1325          	1.133005e-04	1.609350e-06	8.882211e-04
1326          	1.031866e-04	1.581563e-06	8.749465e-04
1327          	8.552590e-05	1.553407e-06	7.697281e-04
1328          	8.581217e-05	1.510359e-06	7.718803e-04
1329          	9.845524e-05	1.467944e-06	9.132667e-04
1330          	6.146967e-05	1.441585e-06	5.997227e-04
1331          	7.129705e-05	1.415681e-06	7.546883e-04
1332          	8.476474e-05	1.389593e-06	7.670829e-04
1333          	8.206639e-05	1.363474e-06	7.405197e-04
1334          	1.029111e-04	1.323191e-06	9.083905e-04
1335          	7.505351e-05	1.297692e-06	6.717412e-04
1336          	6.626347e-05	1.272061e-06	6.748686e-04
1337          	6.448886e-05	1.246470e-06	6.374157e-04
1338          	7.990562e-05	1.206703e-06	6.744307e-04
1339          	4.593034e-05	1.181616e-06	5.954393e-04
1340          	4.557545e-05	1.156239e-06	4.839331e-04
1341          	5.314741e-05	1.131356e-06	4.772738e-04
1342          	5.517226e-05	1.108893e-06	5.456609e-04
1343          	5.576615e-05	1.094290e-06	5.172131e-04
1344          	5.148657e-05	1.086559e-06	4.216430e-04
1345          	5.745526e-05	1.080654e-06	5.537970e-04
1346          	5.245637e-05	1.078285e-06	4.045454e-04
1347          	5.123786e-05	1.077874e-06	4.476722e-04
1348          	4.775670e-05	1.079229e-06	3.828927e-04
1349          	4.477532e-05	1.080499e-06	3.964230e-04
1350          	4.536264e-05	1.081713e-06	3.804873e-04
1351          	4.096658e-05	1.082801e-06	3.876404e-04
1352          	3.784864e-05	1.083844e-06	3.397234e-04
1353          	3.668806e-05	1.085687e-06	3.525566e-04
1354          	3.993771e-05	1.088568e-06	3.732963e-04
1355          	3.541040e-05	1.091323e-06	3.831106e-04
1356          	3.703890e-05	1.094067e-06	3.274475e-04
1357          	3.441130e-05	1.096687e-06	3.746908e-04
1358          	3.506336e-05	1.099279e-06	3.043915e-04
1359          	3.283797e-05	1.101759e-06	3.496866e-04
1360          	3.603833e-05	1.104234e-06	3.271102e-04
1361          	3.632674e-05	1.106611e-06	3.673736e-04
1362          	3.658816e-05	1.108974e-06	3.159207e-04
1363          	3.461199e-05	1.111241e-06	3.509550e-04
1364          	3.614357e-05	1.113806e-06	3.235974e-04
1365          	3.413289e-05	1.117983e-06	3.458995e-04
1366          	3.408855e-05	1.122239e-06	3.028774e-04
1367          	3.165075e-05	1.126249e-06	3.214264e-04
1368          	3.308148e-05	1.130303e-06	3.082547e-04
1369          	3.255954e-05	1.134346e-06	3.297300e-04
1370          	3.136916e-05	1.138252e-06	2.889631e-04
1371          	3.041019e-05	1.142091e-06	3.037437e-04
1372          	3.159961e-05	1.145943e-06	2.999495e-04
1373          	3.135628e-05	1.149786e-06	3.139298e-04
1374          	3.021051e-05	1.153507e-06	2.828937e-04
1375          	3.197624e-05	1.157740e-06	2.971145e-04
1376          	3.184256e-05	1.163395e-06	2.937972e-04
1377          	3.128154e-05	1.168961e-06	2.996840e-04
1378          	2.860545e-05	1.174486e-06	2.711210e-04
1379          	3.033566e-05	1.179929e-06	2.992547e-04
1380          	2.944974e-05	1.185374e-06	2.935071e-04
1381          	3.047428e-05	1.190735e-06	3.028603e-04
1382          	2.810773e-05	1.196062e-06	2.715074e-04
1383          	3.003392e-05	1.201306e-06	2.860337e-04
1384          	2.925967e-05	1.206552e-06	2.875095e-04
1385          	2.976736e-05	1.211709e-06	2.919728e-04
1386          	2.752557e-05	1.218630e-06	2.579694e-04
1387          	2.816920e-05	1.225605e-06	2.599596e-04
1388          	2.928221e-05	1.232580e-06	2.868558e-04
1389          	2.899049e-05	1.239438e-06	2.860613e-04
1390          	2.661667e-05	1.246279e-06	2.433486e-04
1391          	2.819460e-05	1.253012e-06	2.564982e-04
1392          	2.806831e-05	1.260061e-06	2.614632e-04
1393          	2.869998e-05	1.267701e-06	2.648581e-04
1394          	2.733272e-05	1.275391e-06	2.619087e-04
1395          	2.590513e-05	1.284005e-06	2.623762e-04
1396          	2.515863e-05	1.293730e-06	2.301477e-04
1397          	2.764572e-05	1.303376e-06	2.607812e-04
1398          	2.717893e-05	1.312992e-06	2.382472e-04
1399          	2.348854e-05	1.323147e-06	2.416510e-04
1400          	2.447904e-05	1.333205e-06	2.391757e-04
1401          	2.468946e-05	1.343305e-06	2.495865e-04
1402          	2.449395e-05	1.353412e-06	2.632501e-04
1403          	2.265755e-05	1.363691e-06	2.085292e-04
1404          	2.023303e-05	1.375498e-06	2.237558e-04
1405          	2.104404e-05	1.387187e-06	1.952584e-04
1406          	2.156501e-05	1.398750e-06	2.243154e-04
1407          	2.277468e-05	1.410887e-06	2.488189e-04
1408          	2.788210e-05	1.423213e-06	2.915898e-04
1409          	2.217424e-05	1.435415e-06	2.194116e-04
1410          	2.056345e-05	1.448588e-06	2.142081e-04
1411          	2.254711e-05	1.462511e-06	2.716300e-04
1412          	2.482103e-05	1.476058e-06	2.682715e-04
1413          	2.103568e-05	1.490739e-06	2.295324e-04
1414          	2.030682e-05	1.505762e-06	2.236324e-04
1415          	2.160687e-05	1.522105e-06	2.535090e-04
1416          	2.455626e-05	1.539856e-06	2.644434e-04
1417          	2.136053e-05	1.558883e-06	2.245653e-04
1418          	1.976271e-05	1.577736e-06	2.275925e-04
1419          	2.136982e-05	1.596413e-06	2.433814e-04
1420          	2.338813e-05	1.614915e-06	2.665009e-04
1421          	2.085234e-05	1.633241e-06	2.163696e-04
1422          	1.943413e-05	1.651395e-06	2.249534e-04
1423          	2.105357e-05	1.669374e-06	2.362615e-04
1424          	2.277525e-05	1.687178e-06	2.588328e-04
1425          	2.037210e-05	1.704809e-06	2.076447e-04
1426          	1.902175e-05	1.722268e-06	2.142438e-04
1427          	2.121867e-05	1.739554e-06	2.369289e-04
1428          	2.320833e-05	1.756666e-06	2.468712e-04
1429          	2.102828e-05	1.773608e-06	1.988309e-04
1430          	1.822821e-05	1.790377e-06	1.616617e-04
1431          	2.178146e-05	1.806975e-06	2.256555e-04
1432          	2.082857e-05	1.823405e-06	2.334727e-04
1433          	2.171957e-05	1.839659e-06	2.043290e-04
1434          	1.756441e-05	1.855749e-06	1.634871e-04
1435          	1.957224e-05	1.871668e-06	2.071953e-04
1436          	2.072042e-05	1.887420e-06	2.378891e-04
1437          	1.951728e-05	1.903002e-06	1.964877e-04
1438          	1.601590e-05	1.918420e-06	1.496835e-04
1439          	1.952695e-05	1.933672e-06	1.973188e-04
1440          	1.771150e-05	1.948765e-06	1.918963e-04
1441          	1.803349e-05	1.963695e-06	1.899603e-04
1442          	1.426228e-05	1.978463e-06	1.748322e-04
1443          	1.993110e-05	1.993069e-06	1.963111e-04
1444          	1.993172e-05	2.007508e-06	2.420803e-04
1445          	2.409975e-05	2.021784e-06	2.682542e-04
1446          	2.902938e-05	2.035895e-06	3.021820e-04
1447          	2.259694e-05	2.049842e-06	2.196410e-04
1448          	2.923039e-05	2.063630e-06	2.853168e-04
1449          	2.497317e-05	2.058409e-06	2.296506e-04
1450          	2.142008e-05	2.053286e-06	2.130783e-04
1451          	1.903372e-05	2.048264e-06	1.934839e-04
1452          	1.665110e-05	2.043362e-06	1.729519e-04
1453          	1.410955e-05	2.038562e-06	1.526713e-04
1454          	1.185051e-05	2.033854e-06	1.310900e-04
1455          	9.904690e-06	2.029226e-06	1.112214e-04
1456          	8.233184e-06	2.024668e-06	9.303422e-05
