/*--------------------------------*- C++ -*----------------------------------*\
  =========                 |
  \\      /  F ield         | OpenFOAM: The Open Source CFD Toolbox
   \\    /   O peration     | Website:  https://openfoam.org
    \\  /    A nd           | Version:  10
     \\/     M anipulation  |
\*---------------------------------------------------------------------------*/
FoamFile
{
    format      ascii;
    class       volVectorField;
    location    "2500";
    object      U;
}
// * * * * * * * * * * * * * * * * * * * * * * * * * * * * * * * * * * * * * //

dimensions      [0 1 -1 0 0 0 0];

internalField   nonuniform List<vector> 
400
(
(0.014504 -1.36121e-09 0)
(0.014506 -1.3808e-09 0)
(0.0145059 1.61438e-09 0)
(0.0145044 1.38179e-09 0)
(0.0435813 -1.72746e-08 0)
(0.0435872 -1.91882e-08 0)
(0.0435872 1.67768e-08 0)
(0.0435826 1.91979e-08 0)
(0.0729297 -4.49064e-08 0)
(0.0729391 -5.54358e-08 0)
(0.0729394 4.47568e-08 0)
(0.0729321 5.54471e-08 0)
(0.102548 -8.47482e-08 0)
(0.102561 -1.11001e-07 0)
(0.102561 8.45807e-08 0)
(0.102552 1.11016e-07 0)
(0.132431 -1.34577e-07 0)
(0.132447 -1.85675e-07 0)
(0.132448 1.34409e-07 0)
(0.132436 1.85695e-07 0)
(0.162564 -1.93055e-07 0)
(0.162583 -2.79448e-07 0)
(0.162585 1.92896e-07 0)
(0.16257 2.79472e-07 0)
(0.192915 -2.59304e-07 0)
(0.192937 -3.92271e-07 0)
(0.192939 2.59152e-07 0)
(0.192923 3.92299e-07 0)
(0.223424 -3.32846e-07 0)
(0.223448 -5.23666e-07 0)
(0.223451 3.327e-07 0)
(0.223434 5.23699e-07 0)
(0.253994 -4.13661e-07 0)
(0.254021 -6.72255e-07 0)
(0.254024 4.13521e-07 0)
(0.254005 6.72293e-07 0)
(0.284488 -5.02231e-07 0)
(0.284517 -8.35206e-07 0)
(0.28452 5.02097e-07 0)
(0.2845 8.3525e-07 0)
(0.314732 -5.99599e-07 0)
(0.314763 -1.00753e-06 0)
(0.314765 5.9947e-07 0)
(0.314744 1.00758e-06 0)
(0.344528 -7.07122e-07 0)
(0.344559 -1.18201e-06 0)
(0.34456 7.06997e-07 0)
(0.344538 1.18206e-06 0)
(0.373671 -8.26086e-07 0)
(0.373701 -1.34978e-06 0)
(0.373701 8.25964e-07 0)
(0.373678 1.34984e-06 0)
(0.401968 -9.56907e-07 0)
(0.401995 -1.50209e-06 0)
(0.401994 9.56788e-07 0)
(0.401971 1.50216e-06 0)
(0.429254 -1.09827e-06 0)
(0.429278 -1.63258e-06 0)
(0.429275 1.09816e-06 0)
(0.429252 1.63266e-06 0)
(0.455403 -1.24645e-06 0)
(0.455424 -1.73939e-06 0)
(0.45542 1.24633e-06 0)
(0.455398 1.73947e-06 0)
(0.480335 -1.39468e-06 0)
(0.480353 -1.82688e-06 0)
(0.480349 1.39456e-06 0)
(0.480328 1.82697e-06 0)
(0.504012 -1.53283e-06 0)
(0.504027 -1.90641e-06 0)
(0.504025 1.53271e-06 0)
(0.504005 1.90651e-06 0)
(0.526434 -1.64904e-06 0)
(0.526449 -1.99326e-06 0)
(0.526449 1.64892e-06 0)
(0.526431 1.99336e-06 0)
(0.547698 -1.74843e-06 0)
(0.547711 -2.08019e-06 0)
(0.547714 1.74831e-06 0)
(0.547697 2.0803e-06 0)
(0.567932 -1.82885e-06 0)
(0.567944 -2.17188e-06 0)
(0.567946 1.82873e-06 0)
(0.567931 2.172e-06 0)
(0.587209 -1.90122e-06 0)
(0.58722 -2.2534e-06 0)
(0.587221 1.9011e-06 0)
(0.587209 2.25352e-06 0)
(0.605587 -1.96615e-06 0)
(0.605597 -2.32491e-06 0)
(0.605597 1.96602e-06 0)
(0.605587 2.32503e-06 0)
(0.623122 -2.02333e-06 0)
(0.623131 -2.38864e-06 0)
(0.623131 2.0232e-06 0)
(0.623123 2.38877e-06 0)
(0.639874 -2.07354e-06 0)
(0.639882 -2.44598e-06 0)
(0.639882 2.07341e-06 0)
(0.639875 2.44613e-06 0)
(0.655902 -2.11831e-06 0)
(0.655909 -2.4979e-06 0)
(0.655909 2.11818e-06 0)
(0.655903 2.49805e-06 0)
(0.671264 -2.15943e-06 0)
(0.671271 -2.54543e-06 0)
(0.671271 2.1593e-06 0)
(0.671266 2.54559e-06 0)
(0.686017 -2.19877e-06 0)
(0.686024 -2.58983e-06 0)
(0.686023 2.19862e-06 0)
(0.686018 2.58999e-06 0)
(0.700213 -2.23825e-06 0)
(0.70022 -2.63231e-06 0)
(0.700219 2.2381e-06 0)
(0.700214 2.63248e-06 0)
(0.713901 -2.27988e-06 0)
(0.713908 -2.67372e-06 0)
(0.713907 2.27973e-06 0)
(0.713902 2.6739e-06 0)
(0.727126 -2.32568e-06 0)
(0.727134 -2.71422e-06 0)
(0.727132 2.32552e-06 0)
(0.727127 2.7144e-06 0)
(0.739932 -2.37771e-06 0)
(0.739941 -2.75317e-06 0)
(0.739938 2.37755e-06 0)
(0.739933 2.75336e-06 0)
(0.752362 -2.43792e-06 0)
(0.75237 -2.78912e-06 0)
(0.752366 2.43775e-06 0)
(0.752361 2.78932e-06 0)
(0.764451 -2.50789e-06 0)
(0.764459 -2.8195e-06 0)
(0.764454 2.50772e-06 0)
(0.764449 2.81971e-06 0)
(0.776232 -2.58835e-06 0)
(0.776241 -2.84039e-06 0)
(0.776234 2.58817e-06 0)
(0.776229 2.8406e-06 0)
(0.787735 -2.67828e-06 0)
(0.787742 -2.84595e-06 0)
(0.787734 2.6781e-06 0)
(0.78773 2.84618e-06 0)
(0.798984 -2.77362e-06 0)
(0.79899 -2.82812e-06 0)
(0.798979 2.77343e-06 0)
(0.798978 2.82835e-06 0)
(0.810002 -2.86514e-06 0)
(0.810005 -2.77649e-06 0)
(0.809992 2.86494e-06 0)
(0.809995 2.77672e-06 0)
(0.820809 -2.93483e-06 0)
(0.820808 -2.67942e-06 0)
(0.820793 2.93462e-06 0)
(0.820802 2.67967e-06 0)
(0.831422 -2.94965e-06 0)
(0.831415 -2.52745e-06 0)
(0.831399 2.94943e-06 0)
(0.831419 2.52773e-06 0)
(0.841856 -2.85754e-06 0)
(0.841842 -2.31884e-06 0)
(0.841827 2.85733e-06 0)
(0.841861 2.31918e-06 0)
(0.852128 -2.60811e-06 0)
(0.852107 -2.0628e-06 0)
(0.852094 2.60788e-06 0)
(0.852146 2.06308e-06 0)
(0.86226 -2.23975e-06 0)
(0.862238 -1.76809e-06 0)
(0.862224 2.2395e-06 0)
(0.862289 1.76824e-06 0)
(0.872288 -1.83968e-06 0)
(0.87227 -1.45778e-06 0)
(0.872251 1.83943e-06 0)
(0.872315 1.45805e-06 0)
(0.882234 -1.48702e-06 0)
(0.88222 -1.14381e-06 0)
(0.882198 1.48675e-06 0)
(0.882252 1.14419e-06 0)
(0.892108 -1.25692e-06 0)
(0.892098 -8.38807e-07 0)
(0.892073 1.25664e-06 0)
(0.892119 8.39148e-07 0)
(0.901915 -1.11467e-06 0)
(0.901909 -5.46594e-07 0)
(0.901883 1.11439e-06 0)
(0.901923 5.4695e-07 0)
(0.911665 -1.01371e-06 0)
(0.911659 -2.68099e-07 0)
(0.911634 1.01341e-06 0)
(0.911669 2.6846e-07 0)
(0.921361 -9.33464e-07 0)
(0.921354 7.13607e-10 0)
(0.921332 9.33147e-07 0)
(0.921363 -3.7368e-10 0)
(0.931007 -8.66856e-07 0)
(0.931001 2.57918e-07 0)
(0.93098 8.66524e-07 0)
(0.931009 -2.5755e-07 0)
(0.940606 -8.11666e-07 0)
(0.940605 4.96274e-07 0)
(0.940582 8.11321e-07 0)
(0.94061 -4.95855e-07 0)
(0.950164 -7.65175e-07 0)
(0.950164 7.03402e-07 0)
(0.950143 7.6481e-07 0)
(0.950168 -7.02995e-07 0)
(0.959685 -7.17202e-07 0)
(0.959681 8.89689e-07 0)
(0.959668 7.16818e-07 0)
(0.959687 -8.89256e-07 0)
(0.96917 -6.51369e-07 0)
(0.96916 1.04552e-06 0)
(0.969155 6.50979e-07 0)
(0.969168 -1.04507e-06 0)
(0.978617 -5.81644e-07 0)
(0.978606 1.16558e-06 0)
(0.978605 5.81225e-07 0)
(0.978613 -1.16515e-06 0)
(0.988026 -5.31216e-07 0)
(0.98802 1.27445e-06 0)
(0.988017 5.30777e-07 0)
(0.988024 -1.27394e-06 0)
(0.997403 -5.13439e-07 0)
(0.997401 1.35552e-06 0)
(0.997394 5.1298e-07 0)
(0.997403 -1.355e-06 0)
(1.00675 -4.75892e-07 0)
(1.00675 1.45927e-06 0)
(1.00674 4.75407e-07 0)
(1.00675 -1.45872e-06 0)
(1.01607 -4.04895e-07 0)
(1.01605 1.58983e-06 0)
(1.01605 4.04384e-07 0)
(1.01606 -1.58932e-06 0)
(1.02535 -2.84041e-07 0)
(1.02533 1.73119e-06 0)
(1.02533 2.83539e-07 0)
(1.02535 -1.73061e-06 0)
(1.0346 -1.00554e-07 0)
(1.03458 1.81384e-06 0)
(1.03459 1.00031e-07 0)
(1.0346 -1.81326e-06 0)
(1.04381 7.8096e-08 0)
(1.0438 1.80781e-06 0)
(1.04382 -7.87373e-08 0)
(1.04382 -1.80722e-06 0)
(1.05301 2.53072e-07 0)
(1.053 1.76607e-06 0)
(1.05301 -2.53729e-07 0)
(1.05301 -1.76532e-06 0)
(1.06217 4.05077e-07 0)
(1.06216 1.75724e-06 0)
(1.06216 -4.05682e-07 0)
(1.06217 -1.7565e-06 0)
(1.0713 5.14776e-07 0)
(1.0713 1.89638e-06 0)
(1.07128 -5.15423e-07 0)
(1.07131 -1.89563e-06 0)
(1.0804 5.91596e-07 0)
(1.08041 2.16809e-06 0)
(1.08037 -5.92303e-07 0)
(1.08041 -2.16733e-06 0)
(1.08947 6.38911e-07 0)
(1.08948 2.46817e-06 0)
(1.08944 -6.39687e-07 0)
(1.08949 -2.46743e-06 0)
(1.09851 7.10612e-07 0)
(1.09852 2.73421e-06 0)
(1.0985 -7.11389e-07 0)
(1.09853 -2.73333e-06 0)
(1.10753 7.23531e-07 0)
(1.10754 2.87123e-06 0)
(1.10752 -7.24378e-07 0)
(1.10754 -2.87042e-06 0)
(1.11651 8.22486e-07 0)
(1.11652 2.96751e-06 0)
(1.11651 -8.23347e-07 0)
(1.11653 -2.96654e-06 0)
(1.12548 9.35385e-07 0)
(1.12546 3.09893e-06 0)
(1.12546 -9.36343e-07 0)
(1.12547 -3.09796e-06 0)
(1.13441 1.15608e-06 0)
(1.13436 3.34168e-06 0)
(1.13438 -1.15691e-06 0)
(1.13438 -3.34066e-06 0)
(1.14329 1.37153e-06 0)
(1.14324 3.56174e-06 0)
(1.14327 -1.37254e-06 0)
(1.14326 -3.56111e-06 0)
(1.15212 1.59547e-06 0)
(1.15209 3.74575e-06 0)
(1.15212 -1.59658e-06 0)
(1.1521 -3.74448e-06 0)
(1.16092 1.71252e-06 0)
(1.16091 3.73055e-06 0)
(1.16092 -1.71359e-06 0)
(1.16091 -3.72925e-06 0)
(1.16967 1.71493e-06 0)
(1.16968 3.53541e-06 0)
(1.16969 -1.71607e-06 0)
(1.16967 -3.53406e-06 0)
(1.17839 1.54286e-06 0)
(1.17841 3.16312e-06 0)
(1.17843 -1.54398e-06 0)
(1.17839 -3.16168e-06 0)
(1.18706 1.15328e-06 0)
(1.1871 2.62917e-06 0)
(1.18711 -1.15451e-06 0)
(1.18707 -2.62809e-06 0)
(1.19568 7.17931e-07 0)
(1.19573 1.94957e-06 0)
(1.19573 -7.19088e-07 0)
(1.1957 -1.94895e-06 0)
(1.20426 3.0576e-07 0)
(1.2043 1.31877e-06 0)
(1.2043 -3.06881e-07 0)
(1.20428 -1.31747e-06 0)
(1.21278 1.03421e-07 0)
(1.21281 8.02515e-07 0)
(1.21281 -1.04642e-07 0)
(1.2128 -8.0113e-07 0)
(1.22125 5.47397e-08 0)
(1.22126 4.55481e-07 0)
(1.22126 -5.59545e-08 0)
(1.22126 -4.54181e-07 0)
(1.22965 7.17408e-08 0)
(1.22966 2.83041e-07 0)
(1.22966 -7.29605e-08 0)
(1.22966 -2.81726e-07 0)
(1.23798 1.02423e-07 0)
(1.23798 2.33385e-07 0)
(1.23798 -1.03666e-07 0)
(1.23798 -2.32036e-07 0)
(1.24622 1.34635e-07 0)
(1.24623 2.82527e-07 0)
(1.24622 -1.35896e-07 0)
(1.24623 -2.81163e-07 0)
(1.25438 1.80282e-07 0)
(1.25439 4.30251e-07 0)
(1.25436 -1.81584e-07 0)
(1.25439 -4.28903e-07 0)
(1.26243 2.73268e-07 0)
(1.26244 6.7796e-07 0)
(1.26241 -2.74544e-07 0)
(1.26245 -6.76597e-07 0)
(1.27037 3.91858e-07 0)
(1.27037 9.18077e-07 0)
(1.27036 -3.93255e-07 0)
(1.27038 -9.17009e-07 0)
(1.27818 5.68627e-07 0)
(1.27816 1.14612e-06 0)
(1.27818 -5.70109e-07 0)
(1.27816 -1.1448e-06 0)
(1.28581 7.23416e-07 0)
(1.28577 1.26619e-06 0)
(1.28581 -7.24789e-07 0)
(1.28577 -1.26377e-06 0)
(1.2932 6.75443e-07 0)
(1.29318 9.85975e-07 0)
(1.29322 -6.77366e-07 0)
(1.29317 -9.85352e-07 0)
(1.30032 7.38543e-07 0)
(1.30032 6.6664e-07 0)
(1.30035 -7.39701e-07 0)
(1.30031 -6.6529e-07 0)
(1.30713 6.23569e-07 0)
(1.30713 1.88733e-07 0)
(1.30715 -6.2475e-07 0)
(1.30712 -1.87295e-07 0)
(1.31355 5.56687e-07 0)
(1.31355 -4.9914e-08 0)
(1.31355 -5.57554e-07 0)
(1.31354 5.11342e-08 0)
(1.31948 4.4573e-07 0)
(1.31948 -8.64574e-08 0)
(1.31948 -4.46496e-07 0)
(1.31947 8.74513e-08 0)
(1.3248 2.92795e-07 0)
(1.3248 -3.82714e-08 0)
(1.32479 -2.93544e-07 0)
(1.32478 3.90059e-08 0)
(1.32937 1.84981e-07 0)
(1.32936 2.99341e-08 0)
(1.32936 -1.85654e-07 0)
(1.32936 -2.94279e-08 0)
(1.33302 1.87168e-07 0)
(1.33301 9.04237e-08 0)
(1.33302 -1.87768e-07 0)
(1.33301 -9.00086e-08 0)
(1.3356 1.72702e-07 0)
(1.3356 1.26217e-07 0)
(1.3356 -1.73281e-07 0)
(1.33559 -1.25367e-07 0)
(1.33694 9.44147e-08 0)
(1.33695 4.96383e-08 0)
(1.33694 -9.45406e-08 0)
(1.33693 -4.92152e-08 0)
)
;

boundaryField
{
    inlet
    {
        type            cyclic;
    }
    outlet
    {
        type            cyclic;
    }
    fixedWalls-bottom
    {
        type            noSlip;
    }
    fixedWalls-top
    {
        type            symmetry;
    }
    frontAndBack
    {
        type            empty;
    }
}


// ************************************************************************* //
