/*--------------------------------*- C++ -*----------------------------------*\
  =========                 |
  \\      /  F ield         | OpenFOAM: The Open Source CFD Toolbox
   \\    /   O peration     | Website:  https://openfoam.org
    \\  /    A nd           | Version:  10
     \\/     M anipulation  |
\*---------------------------------------------------------------------------*/
FoamFile
{
    format      ascii;
    class       volVectorField;
    location    "2500";
    object      U;
}
// * * * * * * * * * * * * * * * * * * * * * * * * * * * * * * * * * * * * * //

dimensions      [0 1 -1 0 0 0 0];

internalField   nonuniform List<vector> 
400
(
(0.00697596 3.33203e-11 0)
(0.00697597 -8.1924e-12 0)
(0.00697597 8.18595e-13 0)
(0.00697596 8.18558e-12 0)
(0.0209617 8.64366e-11 0)
(0.0209618 -8.03237e-11 0)
(0.0209618 2.73649e-11 0)
(0.0209617 8.00734e-11 0)
(0.0350783 1.48503e-11 0)
(0.0350783 -2.21512e-10 0)
(0.0350783 8.34632e-11 0)
(0.0350783 2.21179e-10 0)
(0.0493255 -7.76998e-11 0)
(0.0493255 -4.24576e-10 0)
(0.0493255 1.74579e-10 0)
(0.0493255 4.24095e-10 0)
(0.063703 -2.07327e-10 0)
(0.063703 -6.8361e-10 0)
(0.0637031 3.01913e-10 0)
(0.063703 6.82993e-10 0)
(0.0782107 -3.74251e-10 0)
(0.0782107 -9.92965e-10 0)
(0.0782107 4.67187e-10 0)
(0.0782106 9.9222e-10 0)
(0.092848 -5.80104e-10 0)
(0.0928481 -1.3472e-09 0)
(0.0928481 6.72319e-10 0)
(0.092848 1.34633e-09 0)
(0.107615 -8.27159e-10 0)
(0.107615 -1.74043e-09 0)
(0.107615 9.19061e-10 0)
(0.107615 1.73944e-09 0)
(0.12251 -1.11737e-09 0)
(0.12251 -2.16595e-09 0)
(0.12251 1.20909e-09 0)
(0.12251 2.16484e-09 0)
(0.137534 -1.45253e-09 0)
(0.137534 -2.61654e-09 0)
(0.137534 1.54394e-09 0)
(0.137534 2.61531e-09 0)
(0.152686 -1.83404e-09 0)
(0.152686 -3.08433e-09 0)
(0.152686 1.92507e-09 0)
(0.152686 3.08298e-09 0)
(0.167964 -2.2633e-09 0)
(0.167964 -3.56107e-09 0)
(0.167964 2.35378e-09 0)
(0.167964 3.5596e-09 0)
(0.183369 -2.74142e-09 0)
(0.183369 -4.03796e-09 0)
(0.183369 2.83132e-09 0)
(0.183369 4.03636e-09 0)
(0.198899 -3.26957e-09 0)
(0.198899 -4.50584e-09 0)
(0.198899 3.35879e-09 0)
(0.198899 4.50412e-09 0)
(0.214553 -3.84865e-09 0)
(0.214553 -4.95511e-09 0)
(0.214553 3.93722e-09 0)
(0.214553 4.95326e-09 0)
(0.230331 -4.47964e-09 0)
(0.230331 -5.37593e-09 0)
(0.230331 4.56748e-09 0)
(0.230331 5.37395e-09 0)
(0.246231 -5.16323e-09 0)
(0.246231 -5.75819e-09 0)
(0.246231 5.25037e-09 0)
(0.246231 5.75608e-09 0)
(0.262252 -5.90018e-09 0)
(0.262252 -6.09181e-09 0)
(0.262252 5.98656e-09 0)
(0.262252 6.08958e-09 0)
(0.278392 -6.69097e-09 0)
(0.278392 -6.36693e-09 0)
(0.278392 6.77665e-09 0)
(0.278392 6.36457e-09 0)
(0.294651 -7.53622e-09 0)
(0.294651 -6.57452e-09 0)
(0.294651 7.62112e-09 0)
(0.294651 6.57203e-09 0)
(0.311026 -8.43636e-09 0)
(0.311026 -6.70717e-09 0)
(0.311026 8.52052e-09 0)
(0.311026 6.70455e-09 0)
(0.327516 -9.39218e-09 0)
(0.327516 -6.76084e-09 0)
(0.327516 9.47553e-09 0)
(0.327516 6.75809e-09 0)
(0.344119 -1.04048e-08 0)
(0.344119 -6.73726e-09 0)
(0.344119 1.04874e-08 0)
(0.344118 6.73438e-09 0)
(0.360832 -1.14769e-08 0)
(0.360832 -6.64696e-09 0)
(0.360832 1.15587e-08 0)
(0.360831 6.64395e-09 0)
(0.377652 -1.26133e-08 0)
(0.377652 -6.51674e-09 0)
(0.377652 1.26943e-08 0)
(0.377652 6.51359e-09 0)
(0.394578 -1.38257e-08 0)
(0.394578 -6.41657e-09 0)
(0.394578 1.39059e-08 0)
(0.394578 6.41329e-09 0)
(0.411605 -1.51386e-08 0)
(0.411605 -6.52062e-09 0)
(0.411605 1.52179e-08 0)
(0.411604 6.5172e-09 0)
(0.428727 -1.65869e-08 0)
(0.428727 -7.12146e-09 0)
(0.428727 1.66654e-08 0)
(0.428727 7.1179e-09 0)
(0.445944 -1.8129e-08 0)
(0.445944 -7.96147e-09 0)
(0.445944 1.82067e-08 0)
(0.445944 7.95777e-09 0)
(0.463256 -1.97776e-08 0)
(0.463256 -9.16313e-09 0)
(0.463256 1.98545e-08 0)
(0.463255 9.15928e-09 0)
(0.480659 -2.14705e-08 0)
(0.480659 -1.02838e-08 0)
(0.480659 2.15465e-08 0)
(0.480659 1.02798e-08 0)
(0.498152 -2.32119e-08 0)
(0.498152 -1.13178e-08 0)
(0.498153 2.32871e-08 0)
(0.498152 1.13137e-08 0)
(0.515732 -2.50096e-08 0)
(0.515732 -1.22813e-08 0)
(0.515732 2.5084e-08 0)
(0.515732 1.2277e-08 0)
(0.533395 -2.68681e-08 0)
(0.533395 -1.31662e-08 0)
(0.533395 2.69417e-08 0)
(0.533394 1.31618e-08 0)
(0.551137 -2.87905e-08 0)
(0.551137 -1.39536e-08 0)
(0.551137 2.88633e-08 0)
(0.551137 1.39491e-08 0)
(0.568956 -3.07797e-08 0)
(0.568956 -1.46267e-08 0)
(0.568956 3.08515e-08 0)
(0.568956 1.4622e-08 0)
(0.586848 -3.28374e-08 0)
(0.586848 -1.5172e-08 0)
(0.586848 3.29084e-08 0)
(0.586848 1.51671e-08 0)
(0.604809 -3.49654e-08 0)
(0.604809 -1.55816e-08 0)
(0.604809 3.50355e-08 0)
(0.604809 1.55766e-08 0)
(0.622835 -3.71642e-08 0)
(0.622835 -1.58519e-08 0)
(0.622835 3.72336e-08 0)
(0.622834 1.58467e-08 0)
(0.640921 -3.94343e-08 0)
(0.640921 -1.59814e-08 0)
(0.640921 3.95028e-08 0)
(0.64092 1.59761e-08 0)
(0.659063 -4.17749e-08 0)
(0.659063 -1.59708e-08 0)
(0.659063 4.18426e-08 0)
(0.659063 1.59653e-08 0)
(0.677257 -4.41846e-08 0)
(0.677257 -1.5822e-08 0)
(0.677257 4.42515e-08 0)
(0.677257 1.58163e-08 0)
(0.695497 -4.66607e-08 0)
(0.695497 -1.55376e-08 0)
(0.695497 4.67267e-08 0)
(0.695497 1.55317e-08 0)
(0.713779 -4.91994e-08 0)
(0.713779 -1.5121e-08 0)
(0.713779 4.92645e-08 0)
(0.713779 1.51149e-08 0)
(0.732098 -5.17958e-08 0)
(0.732098 -1.4576e-08 0)
(0.732098 5.18601e-08 0)
(0.732097 1.45698e-08 0)
(0.750447 -5.44439e-08 0)
(0.750447 -1.39072e-08 0)
(0.750446 5.45073e-08 0)
(0.750446 1.39008e-08 0)
(0.76882 -5.71364e-08 0)
(0.76882 -1.312e-08 0)
(0.76882 5.71991e-08 0)
(0.76882 1.31134e-08 0)
(0.787213 -5.98653e-08 0)
(0.787213 -1.22208e-08 0)
(0.787213 5.99272e-08 0)
(0.787213 1.2214e-08 0)
(0.805618 -6.26216e-08 0)
(0.805618 -1.12173e-08 0)
(0.805618 6.26826e-08 0)
(0.805618 1.12104e-08 0)
(0.82403 -6.53955e-08 0)
(0.82403 -1.01185e-08 0)
(0.82403 6.54557e-08 0)
(0.824029 1.01113e-08 0)
(0.84244 -6.81768e-08 0)
(0.84244 -8.93476e-09 0)
(0.84244 6.82362e-08 0)
(0.84244 8.92739e-09 0)
(0.860843 -7.09554e-08 0)
(0.860843 -7.67816e-09 0)
(0.860843 7.10139e-08 0)
(0.860843 7.67059e-09 0)
(0.879231 -7.37208e-08 0)
(0.879231 -6.36237e-09 0)
(0.879231 7.37785e-08 0)
(0.87923 6.35459e-09 0)
(0.897595 -7.64632e-08 0)
(0.897595 -5.00231e-09 0)
(0.897595 7.65202e-08 0)
(0.897595 4.99432e-09 0)
(0.915929 -7.91728e-08 0)
(0.915929 -3.61406e-09 0)
(0.915929 7.9229e-08 0)
(0.915929 3.60586e-09 0)
(0.934224 -8.18405e-08 0)
(0.934224 -2.21407e-09 0)
(0.934224 8.18958e-08 0)
(0.934224 2.20565e-09 0)
(0.952471 -8.44571e-08 0)
(0.952471 -8.19156e-10 0)
(0.952471 8.45116e-08 0)
(0.952471 8.1052e-10 0)
(0.970661 -8.70136e-08 0)
(0.970661 5.54001e-10 0)
(0.970661 8.70673e-08 0)
(0.970661 -5.62859e-10 0)
(0.988786 -8.95004e-08 0)
(0.988786 1.88869e-09 0)
(0.988786 8.95533e-08 0)
(0.988786 -1.89777e-09 0)
(1.00683 -9.19065e-08 0)
(1.00683 3.16884e-09 0)
(1.00683 9.19586e-08 0)
(1.00683 -3.17815e-09 0)
(1.0248 -9.42184e-08 0)
(1.0248 4.37862e-09 0)
(1.0248 9.42697e-08 0)
(1.0248 -4.38814e-09 0)
(1.04267 -9.64205e-08 0)
(1.04267 5.50264e-09 0)
(1.04266 9.64709e-08 0)
(1.04266 -5.51239e-09 0)
(1.06043 -9.84986e-08 0)
(1.06043 6.5248e-09 0)
(1.06043 9.85482e-08 0)
(1.06043 -6.53477e-09 0)
(1.07807 -1.00444e-07 0)
(1.07807 7.42712e-09 0)
(1.07807 1.00493e-07 0)
(1.07807 -7.43732e-09 0)
(1.09558 -1.02259e-07 0)
(1.09558 8.1893e-09 0)
(1.09558 1.02307e-07 0)
(1.09558 -8.19972e-09 0)
(1.11295 -1.03954e-07 0)
(1.11295 8.78896e-09 0)
(1.11295 1.04001e-07 0)
(1.11295 -8.79959e-09 0)
(1.13017 -1.05548e-07 0)
(1.13017 9.20309e-09 0)
(1.13017 1.05594e-07 0)
(1.13017 -9.21393e-09 0)
(1.14722 -1.07073e-07 0)
(1.14722 9.41154e-09 0)
(1.14722 1.07119e-07 0)
(1.14722 -9.42258e-09 0)
(1.16409 -1.08571e-07 0)
(1.16409 9.40031e-09 0)
(1.16409 1.08615e-07 0)
(1.16409 -9.41154e-09 0)
(1.18077 -1.10095e-07 0)
(1.18077 9.16643e-09 0)
(1.18077 1.10139e-07 0)
(1.18077 -9.17785e-09 0)
(1.19723 -1.11714e-07 0)
(1.19723 8.72356e-09 0)
(1.19723 1.11757e-07 0)
(1.19723 -8.73514e-09 0)
(1.21348 -1.13505e-07 0)
(1.21348 8.1093e-09 0)
(1.21348 1.13547e-07 0)
(1.21348 -8.12105e-09 0)
(1.22948 -1.15558e-07 0)
(1.22948 7.39436e-09 0)
(1.22948 1.15599e-07 0)
(1.22948 -7.40625e-09 0)
(1.24523 -1.17969e-07 0)
(1.24523 6.69425e-09 0)
(1.24523 1.18009e-07 0)
(1.24523 -6.70627e-09 0)
(1.26071 -1.20831e-07 0)
(1.26071 6.18253e-09 0)
(1.26071 1.2087e-07 0)
(1.26071 -6.19466e-09 0)
(1.2759 -1.24226e-07 0)
(1.2759 6.10433e-09 0)
(1.2759 1.24264e-07 0)
(1.2759 -6.11655e-09 0)
(1.29079 -1.28202e-07 0)
(1.29079 6.78987e-09 0)
(1.29079 1.28239e-07 0)
(1.29079 -6.80214e-09 0)
(1.30535 -1.32742e-07 0)
(1.30535 8.65185e-09 0)
(1.30535 1.32778e-07 0)
(1.30535 -8.66416e-09 0)
(1.31957 -1.37723e-07 0)
(1.31957 1.21544e-08 0)
(1.31957 1.37757e-07 0)
(1.31957 -1.21667e-08 0)
(1.33342 -1.4296e-07 0)
(1.33342 1.77909e-08 0)
(1.33342 1.42994e-07 0)
(1.33342 -1.78032e-08 0)
(1.34689 -1.48126e-07 0)
(1.34689 2.60931e-08 0)
(1.34689 1.48158e-07 0)
(1.34689 -2.61054e-08 0)
(1.35995 -1.52747e-07 0)
(1.35995 3.80495e-08 0)
(1.35995 1.52778e-07 0)
(1.35995 -3.80616e-08 0)
(1.37259 -1.56046e-07 0)
(1.37259 5.57377e-08 0)
(1.37259 1.56075e-07 0)
(1.37259 -5.57497e-08 0)
(1.38478 -1.57036e-07 0)
(1.38478 8.04203e-08 0)
(1.38478 1.57064e-07 0)
(1.38478 -8.04323e-08 0)
(1.3965 -1.56367e-07 0)
(1.3965 9.3314e-08 0)
(1.39649 1.56394e-07 0)
(1.3965 -9.33257e-08 0)
(1.40773 -1.5271e-07 0)
(1.40773 9.87506e-08 0)
(1.40773 1.52735e-07 0)
(1.40773 -9.8762e-08 0)
(1.41846 -1.46736e-07 0)
(1.41846 8.40589e-08 0)
(1.41846 1.4676e-07 0)
(1.41846 -8.40701e-08 0)
(1.42866 -1.38002e-07 0)
(1.42866 6.14334e-08 0)
(1.42866 1.38024e-07 0)
(1.42866 -6.14442e-08 0)
(1.43827 -1.26349e-07 0)
(1.43827 3.93425e-08 0)
(1.43827 1.2637e-07 0)
(1.43827 -3.93528e-08 0)
(1.44728 -1.12547e-07 0)
(1.44728 2.07171e-08 0)
(1.44728 1.12566e-07 0)
(1.44728 -2.07269e-08 0)
(1.45565 -9.76162e-08 0)
(1.45565 6.32351e-09 0)
(1.45565 9.76334e-08 0)
(1.45565 -6.33272e-09 0)
(1.46334 -8.2562e-08 0)
(1.46334 -4.09533e-09 0)
(1.46334 8.25774e-08 0)
(1.46334 4.08681e-09 0)
(1.47032 -6.81388e-08 0)
(1.47032 -1.0968e-08 0)
(1.47032 6.81523e-08 0)
(1.47032 1.09603e-08 0)
(1.47656 -5.48512e-08 0)
(1.47656 -1.48255e-08 0)
(1.47656 5.48627e-08 0)
(1.47656 1.48186e-08 0)
(1.48202 -4.29729e-08 0)
(1.48202 -1.62202e-08 0)
(1.48202 4.29824e-08 0)
(1.48202 1.62144e-08 0)
(1.48667 -3.25917e-08 0)
(1.48667 -1.56911e-08 0)
(1.48667 3.25991e-08 0)
(1.48667 1.56863e-08 0)
(1.49047 -2.36419e-08 0)
(1.49047 -1.37066e-08 0)
(1.49047 2.36472e-08 0)
(1.49047 1.37031e-08 0)
(1.49337 -1.59333e-08 0)
(1.49337 -1.06401e-08 0)
(1.49337 1.59364e-08 0)
(1.49337 1.06379e-08 0)
(1.49535 -9.18389e-09 0)
(1.49535 -6.78624e-09 0)
(1.49535 9.18425e-09 0)
(1.49535 6.786e-09 0)
(1.49636 -3.01204e-09 0)
(1.49636 -2.32247e-09 0)
(1.49636 3.01263e-09 0)
(1.49636 2.32194e-09 0)
)
;

boundaryField
{
    inlet
    {
        type            cyclic;
    }
    outlet
    {
        type            cyclic;
    }
    fixedWalls-bottom
    {
        type            noSlip;
    }
    fixedWalls-top
    {
        type            symmetry;
    }
    frontAndBack
    {
        type            empty;
    }
}


// ************************************************************************* //
