/*--------------------------------*- C++ -*----------------------------------*\
  =========                 |
  \\      /  F ield         | OpenFOAM: The Open Source CFD Toolbox
   \\    /   O peration     | Website:  https://openfoam.org
    \\  /    A nd           | Version:  10
     \\/     M anipulation  |
\*---------------------------------------------------------------------------*/
FoamFile
{
    format      ascii;
    class       volScalarField;
    location    "10000";
    object      k;
}
// * * * * * * * * * * * * * * * * * * * * * * * * * * * * * * * * * * * * * //

dimensions      [0 2 -2 0 0 0 0];

internalField   nonuniform List<scalar> 
400
(
2.22045e-16
2.22045e-16
2.22045e-16
2.22045e-16
2.22045e-16
2.22045e-16
2.22045e-16
2.22045e-16
2.22045e-16
2.22045e-16
2.22045e-16
2.22045e-16
2.22045e-16
2.22045e-16
2.22045e-16
2.22045e-16
2.22045e-16
2.22045e-16
2.22045e-16
2.22045e-16
2.22045e-16
2.22045e-16
2.22045e-16
2.22045e-16
2.22045e-16
2.22045e-16
2.22045e-16
2.22045e-16
2.22045e-16
2.22045e-16
2.22045e-16
2.22045e-16
2.22045e-16
2.22045e-16
2.22045e-16
2.22045e-16
2.22045e-16
2.22045e-16
2.22045e-16
2.22045e-16
2.22045e-16
2.22045e-16
2.22045e-16
2.22045e-16
2.22045e-16
2.22045e-16
2.22045e-16
2.22045e-16
2.22045e-16
2.22045e-16
2.22045e-16
2.22045e-16
2.22045e-16
2.22045e-16
2.22045e-16
2.22045e-16
2.22045e-16
2.22045e-16
2.22045e-16
2.22045e-16
2.22045e-16
2.22045e-16
2.22045e-16
2.22045e-16
2.22045e-16
2.22045e-16
2.22045e-16
2.22045e-16
2.22045e-16
2.22045e-16
2.22045e-16
2.22045e-16
2.22045e-16
2.22045e-16
2.22045e-16
2.22045e-16
2.22045e-16
2.22045e-16
2.22045e-16
2.22045e-16
2.22045e-16
2.22045e-16
2.22045e-16
2.22045e-16
2.22045e-16
2.22045e-16
2.22045e-16
2.22045e-16
2.22045e-16
2.22045e-16
2.22045e-16
2.22045e-16
2.22045e-16
2.22045e-16
2.22045e-16
2.22045e-16
2.22045e-16
2.22045e-16
2.22045e-16
2.22045e-16
2.22045e-16
2.22045e-16
2.22045e-16
2.22045e-16
2.22045e-16
2.22045e-16
2.22045e-16
2.22045e-16
2.22045e-16
2.22045e-16
2.22045e-16
2.22045e-16
2.22045e-16
2.22045e-16
2.22045e-16
2.22045e-16
2.22045e-16
2.22045e-16
2.22045e-16
2.22045e-16
2.22045e-16
2.22045e-16
2.22045e-16
2.22045e-16
2.22045e-16
2.22045e-16
2.22045e-16
2.22045e-16
2.22045e-16
2.22045e-16
2.22045e-16
2.22045e-16
2.22045e-16
2.22045e-16
2.22045e-16
2.22045e-16
2.22045e-16
2.22045e-16
2.22045e-16
2.22045e-16
2.22045e-16
2.22045e-16
2.22045e-16
2.22045e-16
2.22045e-16
2.22045e-16
2.22045e-16
2.22045e-16
2.22045e-16
2.22045e-16
2.22045e-16
2.22045e-16
2.22045e-16
2.22045e-16
2.22045e-16
2.22045e-16
2.22045e-16
2.22045e-16
2.22045e-16
2.22045e-16
2.22045e-16
2.22045e-16
2.22045e-16
2.22045e-16
2.22045e-16
2.22045e-16
2.22045e-16
2.22045e-16
2.22045e-16
2.22045e-16
2.22045e-16
2.22045e-16
2.22045e-16
2.22045e-16
2.22045e-16
2.22045e-16
2.22045e-16
2.22045e-16
2.22045e-16
2.22045e-16
2.22045e-16
2.22045e-16
2.22045e-16
2.22045e-16
2.22045e-16
2.22045e-16
2.22045e-16
2.22045e-16
2.22045e-16
2.22045e-16
2.22045e-16
2.22045e-16
2.22045e-16
2.22045e-16
2.22045e-16
2.22045e-16
2.22045e-16
2.22045e-16
2.22045e-16
2.22045e-16
2.22045e-16
2.22045e-16
2.22045e-16
2.22045e-16
2.22045e-16
2.22045e-16
2.22045e-16
2.22045e-16
2.22045e-16
2.22045e-16
2.22045e-16
2.22045e-16
2.22045e-16
2.22045e-16
2.22045e-16
2.22045e-16
2.22045e-16
2.22045e-16
2.22045e-16
2.22045e-16
2.22045e-16
2.22045e-16
2.22045e-16
2.22045e-16
2.22045e-16
2.22045e-16
2.22045e-16
2.22045e-16
2.22045e-16
2.22045e-16
2.22045e-16
2.22045e-16
2.22045e-16
2.22045e-16
2.22045e-16
2.22045e-16
2.22045e-16
2.22045e-16
2.22045e-16
2.22093e-16
2.22076e-16
2.22045e-16
2.22045e-16
2.2226e-16
2.22235e-16
2.22045e-16
2.22077e-16
2.22441e-16
2.22398e-16
2.22139e-16
2.22173e-16
2.22608e-16
2.22536e-16
2.22227e-16
2.2226e-16
2.22742e-16
2.22628e-16
2.22289e-16
2.2232e-16
2.22829e-16
2.22661e-16
2.22312e-16
2.22342e-16
2.22859e-16
2.22632e-16
2.22291e-16
2.22321e-16
2.22829e-16
2.22544e-16
2.22229e-16
2.2226e-16
2.22743e-16
2.22406e-16
2.2214e-16
2.22171e-16
2.2261e-16
2.22239e-16
2.22045e-16
2.22074e-16
2.22444e-16
2.22071e-16
2.22045e-16
2.22045e-16
2.22264e-16
2.22045e-16
2.22045e-16
2.22045e-16
2.22092e-16
2.22045e-16
2.22045e-16
2.22045e-16
2.22045e-16
2.22045e-16
2.22045e-16
2.22045e-16
2.22045e-16
2.22045e-16
2.22045e-16
2.22045e-16
2.22045e-16
2.22045e-16
2.22045e-16
2.22045e-16
2.22045e-16
2.22045e-16
2.22045e-16
2.22045e-16
2.22045e-16
2.22045e-16
2.22045e-16
2.22045e-16
2.22045e-16
2.22045e-16
2.22045e-16
2.22045e-16
2.22045e-16
2.22045e-16
2.22045e-16
2.22045e-16
2.22045e-16
2.22045e-16
2.22045e-16
2.22045e-16
2.22045e-16
2.22045e-16
2.22045e-16
2.22045e-16
2.22045e-16
2.22045e-16
2.22045e-16
2.22045e-16
2.22045e-16
2.22045e-16
2.22045e-16
2.22045e-16
2.22045e-16
2.22045e-16
2.22045e-16
2.22045e-16
2.22045e-16
2.22045e-16
2.22045e-16
2.22045e-16
2.22045e-16
2.22045e-16
2.22045e-16
2.22045e-16
2.22045e-16
2.22045e-16
2.22045e-16
2.22045e-16
2.22045e-16
2.22045e-16
2.22045e-16
2.22045e-16
2.22045e-16
2.22045e-16
2.22045e-16
2.22045e-16
2.22045e-16
2.22045e-16
2.22045e-16
2.22045e-16
2.22045e-16
2.22045e-16
2.22045e-16
2.22045e-16
2.22045e-16
2.22045e-16
2.22045e-16
2.22045e-16
2.22045e-16
2.22045e-16
2.22045e-16
2.22045e-16
2.22045e-16
2.22045e-16
2.22045e-16
2.22045e-16
2.22045e-16
2.22045e-16
2.22045e-16
2.22045e-16
2.22045e-16
2.22045e-16
2.22045e-16
2.22045e-16
2.22045e-16
2.22045e-16
2.22045e-16
2.22045e-16
2.22045e-16
2.22045e-16
2.22045e-16
2.22045e-16
2.22045e-16
2.22045e-16
2.22045e-16
2.22045e-16
2.22045e-16
)
;

boundaryField
{
    inlet
    {
        type            cyclic;
    }
    outlet
    {
        type            cyclic;
    }
    fixedWalls-bottom
    {
        type            kqRWallFunction;
        value           uniform 2.22045e-16;
    }
    fixedWalls-top
    {
        type            symmetry;
    }
    frontAndBack
    {
        type            empty;
    }
}


// ************************************************************************* //
