/*--------------------------------*- C++ -*----------------------------------*\
  =========                 |
  \\      /  F ield         | OpenFOAM: The Open Source CFD Toolbox
   \\    /   O peration     | Website:  https://openfoam.org
    \\  /    A nd           | Version:  10
     \\/     M anipulation  |
\*---------------------------------------------------------------------------*/
FoamFile
{
    format      ascii;
    class       volSymmTensorField;
    location    "2500";
    object      R;
}
// * * * * * * * * * * * * * * * * * * * * * * * * * * * * * * * * * * * * * //

dimensions      [0 2 -2 0 0 0 0];

internalField   nonuniform List<symmTensor> 
400
(
(2.44182e-06 -3.25822e-08 -0 2.44182e-06 -0 2.44182e-06)
(2.44241e-06 -3.25912e-08 -0 2.44241e-06 -0 2.44241e-06)
(2.44242e-06 -3.25923e-08 -0 2.44242e-06 -0 2.44242e-06)
(2.44139e-06 -3.25763e-08 -0 2.44139e-06 -0 2.44139e-06)
(7.31339e-05 -5.58367e-06 -0 7.31339e-05 -0 7.31339e-05)
(7.31514e-05 -5.58521e-06 -0 7.31514e-05 -0 7.31514e-05)
(7.31519e-05 -5.58536e-06 -0 7.31519e-05 -0 7.31519e-05)
(7.31212e-05 -5.5826e-06 -0 7.31212e-05 -0 7.31212e-05)
(0.000506294 -0.00010386 -0 0.000506294 -0 0.000506294)
(0.000506414 -0.000103887 -0 0.000506415 -0 0.000506414)
(0.000506417 -0.000103889 -0 0.000506416 -0 0.000506417)
(0.000506205 -0.000103839 -0 0.000506205 -0 0.000506205)
(0.00163234 -0.0005583 -0 0.00163234 -0 0.00163234)
(0.0016327 -0.000558435 -0 0.0016327 -0 0.0016327)
(0.0016327 -0.000558434 -0 0.0016327 -0 0.0016327)
(0.00163205 -0.000558187 -0 0.00163204 -0 0.00163205)
(0.00320725 -0.00136226 -0 0.00320726 -0 0.00320725)
(0.00320785 -0.00136253 -0 0.00320786 -0 0.00320786)
(0.00320783 -0.0013625 -0 0.00320782 -0 0.00320783)
(0.00320663 -0.00136197 -0 0.00320663 -0 0.00320663)
(0.00466558 -0.00213081 -0 0.0046656 -0 0.00466559)
(0.00466632 -0.00213113 -0 0.00466633 -0 0.00466632)
(0.00466625 -0.00213105 -0 0.00466623 -0 0.00466624)
(0.00466459 -0.00213029 -0 0.00466457 -0 0.00466458)
(0.00580246 -0.00269697 -0 0.00580249 -0 0.00580248)
(0.00580325 -0.00269729 -0 0.00580326 -0 0.00580325)
(0.00580311 -0.00269714 -0 0.00580309 -0 0.0058031)
(0.00580104 -0.00269618 -0 0.00580102 -0 0.00580103)
(0.00665679 -0.00308958 -0 0.00665684 -0 0.00665682)
(0.0066576 -0.00308985 -0 0.00665761 -0 0.00665761)
(0.00665739 -0.00308962 -0 0.00665735 -0 0.00665737)
(0.0066549 -0.00308848 -0 0.00665488 -0 0.00665489)
(0.00730953 -0.00336169 -0 0.00730959 -0 0.00730956)
(0.00731033 -0.00336192 -0 0.00731035 -0 0.00731034)
(0.00731003 -0.00336159 -0 0.00730998 -0 0.00731001)
(0.00730711 -0.00336028 -0 0.00730709 -0 0.0073071)
(0.00782678 -0.00355155 -0 0.00782685 -0 0.00782681)
(0.00782753 -0.00355172 -0 0.00782755 -0 0.00782754)
(0.00782713 -0.00355131 -0 0.00782706 -0 0.0078271)
(0.00782372 -0.00354981 -0 0.0078237 -0 0.00782371)
(0.00825473 -0.00368383 -0 0.00825482 -0 0.00825478)
(0.00825538 -0.00368392 -0 0.0082554 -0 0.00825539)
(0.00825487 -0.00368344 -0 0.00825479 -0 0.00825483)
(0.00825093 -0.00368176 -0 0.0082509 -0 0.00825091)
(0.00862432 -0.00377451 -0 0.00862442 -0 0.00862437)
(0.00862484 -0.0037745 -0 0.00862486 -0 0.00862485)
(0.00862421 -0.00377399 -0 0.00862412 -0 0.00862417)
(0.00861967 -0.00377213 -0 0.00861965 -0 0.00861966)
(0.00895598 -0.00383426 -0 0.00895607 -0 0.00895603)
(0.00895637 -0.00383414 -0 0.0089564 -0 0.00895639)
(0.00895569 -0.00383365 -0 0.00895559 -0 0.00895564)
(0.00895047 -0.00383159 -0 0.00895044 -0 0.00895046)
(0.00926317 -0.0038705 -0 0.00926326 -0 0.00926321)
(0.00926346 -0.00387027 -0 0.00926348 -0 0.00926347)
(0.00926279 -0.00386983 -0 0.00926269 -0 0.00926274)
(0.00925684 -0.00386759 -0 0.00925681 -0 0.00925683)
(0.00955472 -0.00388856 -0 0.00955482 -0 0.00955477)
(0.0095549 -0.00388823 -0 0.00955493 -0 0.00955491)
(0.00955423 -0.00388781 -0 0.00955414 -0 0.00955418)
(0.00954763 -0.00388545 -0 0.0095476 -0 0.00954762)
(0.00983639 -0.00389236 -0 0.00983648 -0 0.00983643)
(0.00983644 -0.00389195 -0 0.00983646 -0 0.00983645)
(0.00983572 -0.00389154 -0 0.00983563 -0 0.00983567)
(0.00982857 -0.0038891 -0 0.00982855 -0 0.00982856)
(0.0101118 -0.00388489 -0 0.0101119 -0 0.0101119)
(0.0101117 -0.00388442 -0 0.0101118 -0 0.0101118)
(0.0101109 -0.00388399 -0 0.0101108 -0 0.0101109)
(0.0101033 -0.00388152 -0 0.0101033 -0 0.0101033)
(0.0103834 -0.00386846 -0 0.0103834 -0 0.0103834)
(0.0103832 -0.00386797 -0 0.0103832 -0 0.0103832)
(0.0103822 -0.00386749 -0 0.0103821 -0 0.0103822)
(0.0103742 -0.00386503 -0 0.0103742 -0 0.0103742)
(0.0106524 -0.00384487 -0 0.0106524 -0 0.0106524)
(0.0106521 -0.00384442 -0 0.0106521 -0 0.0106521)
(0.0106509 -0.00384386 -0 0.0106509 -0 0.0106509)
(0.0106427 -0.00384141 -0 0.0106427 -0 0.0106427)
(0.0109196 -0.00381554 -0 0.0109196 -0 0.0109196)
(0.0109194 -0.00381521 -0 0.0109194 -0 0.0109194)
(0.010918 -0.00381453 -0 0.0109179 -0 0.010918)
(0.0109094 -0.00381211 -0 0.0109094 -0 0.0109094)
(0.0111855 -0.00378158 -0 0.0111855 -0 0.0111855)
(0.0111857 -0.00378149 -0 0.0111857 -0 0.0111857)
(0.0111838 -0.00378065 -0 0.0111837 -0 0.0111838)
(0.011175 -0.00377826 -0 0.011175 -0 0.011175)
(0.01145 -0.00374388 -0 0.01145 -0 0.01145)
(0.0114512 -0.00374419 -0 0.0114512 -0 0.0114512)
(0.0114485 -0.00374314 -0 0.0114485 -0 0.0114485)
(0.0114394 -0.00374078 -0 0.0114394 -0 0.0114394)
(0.0117136 -0.0037034 -0 0.0117137 -0 0.0117136)
(0.0117154 -0.00370392 -0 0.0117154 -0 0.0117154)
(0.0117123 -0.00370276 -0 0.0117123 -0 0.0117123)
(0.0117028 -0.00370041 -0 0.0117028 -0 0.0117028)
(0.0119763 -0.00366069 -0 0.0119763 -0 0.0119763)
(0.0119784 -0.00366129 -0 0.0119783 -0 0.0119784)
(0.0119749 -0.00366011 -0 0.0119749 -0 0.0119749)
(0.011965 -0.00365777 -0 0.011965 -0 0.011965)
(0.0122377 -0.00361623 -0 0.0122377 -0 0.0122377)
(0.0122399 -0.00361685 -0 0.0122399 -0 0.0122399)
(0.0122363 -0.00361569 -0 0.0122363 -0 0.0122363)
(0.012226 -0.00361335 -0 0.012226 -0 0.012226)
(0.0124977 -0.00357039 -0 0.0124977 -0 0.0124977)
(0.0124999 -0.00357101 -0 0.0124998 -0 0.0124999)
(0.0124963 -0.00356991 -0 0.0124963 -0 0.0124963)
(0.0124855 -0.00356756 -0 0.0124855 -0 0.0124855)
(0.012756 -0.00352353 -0 0.012756 -0 0.012756)
(0.0127581 -0.0035241 -0 0.0127581 -0 0.0127581)
(0.0127547 -0.0035231 -0 0.0127547 -0 0.0127547)
(0.0127434 -0.00352073 -0 0.0127434 -0 0.0127434)
(0.0130126 -0.0034759 -0 0.0130126 -0 0.0130126)
(0.0130144 -0.00347642 -0 0.0130143 -0 0.0130144)
(0.0130112 -0.00347553 -0 0.0130113 -0 0.0130113)
(0.0129994 -0.00347315 -0 0.0129995 -0 0.0129995)
(0.0132672 -0.00342775 -0 0.0132672 -0 0.0132672)
(0.0132685 -0.00342816 -0 0.0132684 -0 0.0132684)
(0.0132658 -0.00342745 -0 0.0132659 -0 0.0132658)
(0.0132535 -0.00342503 -0 0.0132536 -0 0.0132535)
(0.0135198 -0.00337931 -0 0.0135197 -0 0.0135197)
(0.0135204 -0.00337955 -0 0.0135203 -0 0.0135203)
(0.0135182 -0.00337903 -0 0.0135182 -0 0.0135182)
(0.0135053 -0.00337656 -0 0.0135054 -0 0.0135054)
(0.0137702 -0.00333076 -0 0.0137701 -0 0.0137701)
(0.0137701 -0.00333079 -0 0.01377 -0 0.01377)
(0.0137682 -0.00333041 -0 0.0137682 -0 0.0137682)
(0.0137548 -0.00332791 -0 0.0137549 -0 0.0137548)
(0.0140177 -0.00328206 -0 0.0140177 -0 0.0140177)
(0.0140174 -0.003282 -0 0.0140173 -0 0.0140173)
(0.0140156 -0.00328171 -0 0.0140156 -0 0.0140156)
(0.0140017 -0.0032792 -0 0.0140018 -0 0.0140017)
(0.0142624 -0.00323334 -0 0.0142623 -0 0.0142624)
(0.014262 -0.00323327 -0 0.0142619 -0 0.0142619)
(0.0142601 -0.00323303 -0 0.0142602 -0 0.0142602)
(0.0142458 -0.00323054 -0 0.0142459 -0 0.0142459)
(0.0145041 -0.00318473 -0 0.014504 -0 0.014504)
(0.0145036 -0.00318469 -0 0.0145035 -0 0.0145036)
(0.0145017 -0.00318445 -0 0.0145018 -0 0.0145018)
(0.0144871 -0.003182 -0 0.0144872 -0 0.0144872)
(0.0147426 -0.0031363 -0 0.0147425 -0 0.0147426)
(0.0147422 -0.00313632 -0 0.0147421 -0 0.0147422)
(0.0147402 -0.00313606 -0 0.0147403 -0 0.0147403)
(0.0147254 -0.00313367 -0 0.0147255 -0 0.0147254)
(0.0149778 -0.00308807 -0 0.0149777 -0 0.0149777)
(0.0149777 -0.00308823 -0 0.0149776 -0 0.0149777)
(0.0149755 -0.0030879 -0 0.0149756 -0 0.0149755)
(0.0149605 -0.00308559 -0 0.0149606 -0 0.0149605)
(0.0152093 -0.00304007 -0 0.0152092 -0 0.0152092)
(0.0152101 -0.00304046 -0 0.0152099 -0 0.01521)
(0.0152074 -0.00304003 -0 0.0152075 -0 0.0152074)
(0.0151922 -0.0030378 -0 0.0151923 -0 0.0151922)
(0.0154376 -0.00299248 -0 0.0154375 -0 0.0154375)
(0.0154392 -0.00299303 -0 0.015439 -0 0.0154391)
(0.0154358 -0.00299249 -0 0.0154359 -0 0.0154358)
(0.0154204 -0.00299034 -0 0.0154205 -0 0.0154205)
(0.0156624 -0.00294529 -0 0.0156623 -0 0.0156624)
(0.0156646 -0.00294593 -0 0.0156645 -0 0.0156645)
(0.0156606 -0.00294531 -0 0.0156607 -0 0.0156607)
(0.0156451 -0.00294322 -0 0.0156452 -0 0.0156451)
(0.0158836 -0.00289849 -0 0.0158835 -0 0.0158835)
(0.0158861 -0.00289916 -0 0.015886 -0 0.015886)
(0.0158818 -0.00289851 -0 0.0158819 -0 0.0158818)
(0.015866 -0.00289647 -0 0.0158661 -0 0.0158661)
(0.0161009 -0.00285206 -0 0.0161008 -0 0.0161008)
(0.0161036 -0.00285274 -0 0.0161035 -0 0.0161035)
(0.0160991 -0.00285209 -0 0.0160992 -0 0.0160991)
(0.0160831 -0.00285009 -0 0.0160832 -0 0.0160831)
(0.0163143 -0.002806 -0 0.0163142 -0 0.0163142)
(0.0163171 -0.00280669 -0 0.016317 -0 0.016317)
(0.0163124 -0.00280605 -0 0.0163126 -0 0.0163125)
(0.0162962 -0.00280408 -0 0.0162963 -0 0.0162962)
(0.0165236 -0.00276033 -0 0.0165235 -0 0.0165235)
(0.0165264 -0.002761 -0 0.0165263 -0 0.0165263)
(0.0165217 -0.00276038 -0 0.0165219 -0 0.0165218)
(0.0165052 -0.00275845 -0 0.0165053 -0 0.0165052)
(0.0167287 -0.00271502 -0 0.0167286 -0 0.0167286)
(0.0167315 -0.00271566 -0 0.0167314 -0 0.0167314)
(0.0167269 -0.00271509 -0 0.016727 -0 0.0167269)
(0.01671 -0.00271319 -0 0.0167101 -0 0.0167101)
(0.0169295 -0.00267007 -0 0.0169294 -0 0.0169295)
(0.0169322 -0.00267068 -0 0.0169321 -0 0.0169321)
(0.0169277 -0.00267015 -0 0.0169278 -0 0.0169278)
(0.0169106 -0.00266829 -0 0.0169107 -0 0.0169107)
(0.017126 -0.00262547 -0 0.0171258 -0 0.0171259)
(0.0171284 -0.00262602 -0 0.0171283 -0 0.0171283)
(0.0171242 -0.00262556 -0 0.0171243 -0 0.0171242)
(0.0171068 -0.00262373 -0 0.0171069 -0 0.0171069)
(0.017318 -0.0025812 -0 0.0173178 -0 0.0173179)
(0.0173201 -0.00258171 -0 0.01732 -0 0.01732)
(0.0173161 -0.0025813 -0 0.0173163 -0 0.0173162)
(0.0172985 -0.00257951 -0 0.0172986 -0 0.0172986)
(0.0175054 -0.00253724 -0 0.0175053 -0 0.0175054)
(0.0175071 -0.0025377 -0 0.017507 -0 0.0175071)
(0.0175036 -0.00253736 -0 0.0175037 -0 0.0175036)
(0.0174857 -0.00253559 -0 0.0174858 -0 0.0174857)
(0.0176883 -0.0024936 -0 0.0176882 -0 0.0176883)
(0.0176895 -0.00249399 -0 0.0176894 -0 0.0176894)
(0.0176864 -0.00249372 -0 0.0176865 -0 0.0176864)
(0.0176682 -0.00249197 -0 0.0176683 -0 0.0176683)
(0.0178667 -0.00245026 -0 0.0178665 -0 0.0178666)
(0.0178671 -0.00245054 -0 0.017867 -0 0.0178671)
(0.0178645 -0.00245034 -0 0.0178646 -0 0.0178645)
(0.017846 -0.0024486 -0 0.0178461 -0 0.0178461)
(0.0180406 -0.00240722 -0 0.0180404 -0 0.0180405)
(0.0180402 -0.00240735 -0 0.0180401 -0 0.0180402)
(0.0180378 -0.00240721 -0 0.0180379 -0 0.0180379)
(0.0180191 -0.00240548 -0 0.0180192 -0 0.0180191)
(0.0182092 -0.00236433 -0 0.0182091 -0 0.0182092)
(0.0182086 -0.00236438 -0 0.0182085 -0 0.0182085)
(0.0182062 -0.00236429 -0 0.0182064 -0 0.0182063)
(0.0181872 -0.00236258 -0 0.0181873 -0 0.0181873)
(0.0183728 -0.00232158 -0 0.0183726 -0 0.0183727)
(0.018372 -0.00232162 -0 0.0183719 -0 0.018372)
(0.0183697 -0.00232154 -0 0.0183698 -0 0.0183698)
(0.0183505 -0.00231986 -0 0.0183506 -0 0.0183505)
(0.0185312 -0.00227897 -0 0.018531 -0 0.0185311)
(0.0185305 -0.00227903 -0 0.0185304 -0 0.0185305)
(0.0185281 -0.00227893 -0 0.0185282 -0 0.0185282)
(0.0185088 -0.0022773 -0 0.0185089 -0 0.0185088)
(0.0186843 -0.00223645 -0 0.0186841 -0 0.0186842)
(0.018684 -0.00223659 -0 0.0186839 -0 0.0186839)
(0.0186814 -0.00223644 -0 0.0186816 -0 0.0186815)
(0.018662 -0.00223487 -0 0.0186621 -0 0.0186621)
(0.0188319 -0.00219396 -0 0.0188317 -0 0.0188318)
(0.0188325 -0.00219424 -0 0.0188324 -0 0.0188325)
(0.0188296 -0.00219405 -0 0.0188298 -0 0.0188297)
(0.0188102 -0.00219253 -0 0.0188103 -0 0.0188102)
(0.0189748 -0.0021516 -0 0.0189746 -0 0.0189747)
(0.0189762 -0.00215197 -0 0.0189761 -0 0.0189762)
(0.0189727 -0.00215171 -0 0.0189728 -0 0.0189728)
(0.0189532 -0.00215024 -0 0.0189533 -0 0.0189532)
(0.0191126 -0.00210929 -0 0.0191124 -0 0.0191125)
(0.0191147 -0.00210971 -0 0.0191146 -0 0.0191147)
(0.0191106 -0.00210941 -0 0.0191108 -0 0.0191107)
(0.019091 -0.00210799 -0 0.0190911 -0 0.0190911)
(0.0192453 -0.00206699 -0 0.0192452 -0 0.0192452)
(0.0192479 -0.00206744 -0 0.0192478 -0 0.0192479)
(0.0192433 -0.0020671 -0 0.0192435 -0 0.0192434)
(0.0192237 -0.00206572 -0 0.0192238 -0 0.0192237)
(0.0193729 -0.00202465 -0 0.0193727 -0 0.0193728)
(0.0193758 -0.00202512 -0 0.0193757 -0 0.0193758)
(0.0193708 -0.00202475 -0 0.019371 -0 0.0193709)
(0.0193511 -0.0020234 -0 0.0193512 -0 0.0193511)
(0.0194951 -0.00198222 -0 0.0194949 -0 0.019495)
(0.0194983 -0.00198271 -0 0.0194982 -0 0.0194983)
(0.019493 -0.00198232 -0 0.0194932 -0 0.0194931)
(0.0194732 -0.001981 -0 0.0194733 -0 0.0194733)
(0.0196122 -0.00193968 -0 0.019612 -0 0.0196121)
(0.0196153 -0.00194017 -0 0.0196152 -0 0.0196153)
(0.0196099 -0.00193977 -0 0.0196101 -0 0.01961)
(0.0195901 -0.00193848 -0 0.0195902 -0 0.0195901)
(0.0197239 -0.00189697 -0 0.0197237 -0 0.0197238)
(0.0197268 -0.00189744 -0 0.0197267 -0 0.0197267)
(0.0197216 -0.00189706 -0 0.0197218 -0 0.0197217)
(0.0197017 -0.0018958 -0 0.0197017 -0 0.0197017)
(0.0198305 -0.00185408 -0 0.0198303 -0 0.0198304)
(0.0198326 -0.00185449 -0 0.0198325 -0 0.0198326)
(0.019828 -0.00185417 -0 0.0198282 -0 0.0198281)
(0.0198079 -0.00185292 -0 0.019808 -0 0.019808)
(0.0199319 -0.00181099 -0 0.0199317 -0 0.0199318)
(0.0199329 -0.00181126 -0 0.0199328 -0 0.0199329)
(0.0199292 -0.00181104 -0 0.0199294 -0 0.0199293)
(0.0199089 -0.0018098 -0 0.0199089 -0 0.0199089)
(0.0200285 -0.00176766 -0 0.0200283 -0 0.0200284)
(0.0200281 -0.00176777 -0 0.0200281 -0 0.0200281)
(0.0200251 -0.00176763 -0 0.0200253 -0 0.0200252)
(0.0200045 -0.00176641 -0 0.0200046 -0 0.0200046)
(0.0201193 -0.00172395 -0 0.0201191 -0 0.0201192)
(0.0201184 -0.00172399 -0 0.0201184 -0 0.0201184)
(0.0201156 -0.0017239 -0 0.0201158 -0 0.0201157)
(0.0200949 -0.00172269 -0 0.020095 -0 0.0200949)
(0.0202045 -0.00167984 -0 0.0202043 -0 0.0202044)
(0.0202037 -0.00167989 -0 0.0202036 -0 0.0202036)
(0.0202008 -0.00167978 -0 0.020201 -0 0.0202009)
(0.02018 -0.00167862 -0 0.0201801 -0 0.02018)
(0.0202842 -0.00163528 -0 0.0202839 -0 0.0202841)
(0.0202839 -0.00163541 -0 0.0202839 -0 0.0202839)
(0.0202807 -0.00163526 -0 0.0202809 -0 0.0202808)
(0.0202599 -0.00163414 -0 0.0202599 -0 0.0202599)
(0.0203581 -0.00159023 -0 0.0203578 -0 0.020358)
(0.0203594 -0.0015905 -0 0.0203594 -0 0.0203594)
(0.0203553 -0.00159028 -0 0.0203555 -0 0.0203554)
(0.0203346 -0.00158921 -0 0.0203346 -0 0.0203346)
(0.0204272 -0.00154474 -0 0.020427 -0 0.0204271)
(0.0204298 -0.0015451 -0 0.0204298 -0 0.0204298)
(0.0204248 -0.00154481 -0 0.020425 -0 0.0204249)
(0.0204041 -0.00154379 -0 0.0204041 -0 0.0204041)
(0.0204914 -0.00149875 -0 0.0204912 -0 0.0204913)
(0.0204949 -0.00149914 -0 0.0204948 -0 0.0204949)
(0.0204891 -0.00149882 -0 0.0204893 -0 0.0204892)
(0.0204684 -0.00149784 -0 0.0204684 -0 0.0204684)
(0.0205507 -0.00145218 -0 0.0205505 -0 0.0205506)
(0.0205544 -0.00145259 -0 0.0205544 -0 0.0205544)
(0.0205484 -0.00145225 -0 0.0205486 -0 0.0205485)
(0.0205277 -0.00145131 -0 0.0205277 -0 0.0205277)
(0.020605 -0.00140499 -0 0.0206048 -0 0.0206049)
(0.0206087 -0.00140539 -0 0.0206087 -0 0.0206087)
(0.0206026 -0.00140506 -0 0.0206028 -0 0.0206027)
(0.020582 -0.00140415 -0 0.020582 -0 0.020582)
(0.0206544 -0.00135713 -0 0.0206541 -0 0.0206543)
(0.0206577 -0.00135751 -0 0.0206577 -0 0.0206577)
(0.0206519 -0.0013572 -0 0.0206521 -0 0.020652)
(0.0206313 -0.00135633 -0 0.0206313 -0 0.0206313)
(0.020699 -0.00130858 -0 0.0206987 -0 0.0206989)
(0.0207015 -0.00130888 -0 0.0207015 -0 0.0207015)
(0.0206964 -0.00130863 -0 0.0206966 -0 0.0206965)
(0.0206758 -0.00130778 -0 0.0206758 -0 0.0206758)
(0.020739 -0.00125928 -0 0.0207388 -0 0.0207389)
(0.02074 -0.00125945 -0 0.02074 -0 0.02074)
(0.0207362 -0.00125929 -0 0.0207364 -0 0.0207363)
(0.0207154 -0.00125848 -0 0.0207154 -0 0.0207154)
(0.020775 -0.0012092 -0 0.0207747 -0 0.0207748)
(0.0207743 -0.00120925 -0 0.0207743 -0 0.0207743)
(0.0207713 -0.00120914 -0 0.0207715 -0 0.0207714)
(0.0207504 -0.00120836 -0 0.0207504 -0 0.0207504)
(0.0208057 -0.00115821 -0 0.0208055 -0 0.0208056)
(0.0208045 -0.00115822 -0 0.0208045 -0 0.0208045)
(0.0208017 -0.00115812 -0 0.0208019 -0 0.0208018)
(0.0207808 -0.00115738 -0 0.0207808 -0 0.0207808)
(0.0208314 -0.00110627 -0 0.0208312 -0 0.0208313)
(0.0208308 -0.00110631 -0 0.0208308 -0 0.0208308)
(0.0208277 -0.0011062 -0 0.0208279 -0 0.0208278)
(0.0208068 -0.00110549 -0 0.0208068 -0 0.0208068)
(0.0208522 -0.00105334 -0 0.020852 -0 0.0208521)
(0.0208533 -0.00105346 -0 0.0208533 -0 0.0208533)
(0.0208493 -0.00105331 -0 0.0208495 -0 0.0208494)
(0.0208284 -0.00105264 -0 0.0208284 -0 0.0208284)
(0.0208695 -0.000999419 -0 0.0208693 -0 0.0208694)
(0.0208723 -0.000999636 -0 0.0208723 -0 0.0208723)
(0.0208666 -0.000999413 -0 0.0208669 -0 0.0208667)
(0.0208459 -0.000998781 -0 0.0208459 -0 0.0208459)
(0.0208832 -0.000944452 -0 0.020883 -0 0.0208831)
(0.0208867 -0.000944712 -0 0.0208867 -0 0.0208867)
(0.0208801 -0.000944458 -0 0.0208803 -0 0.0208802)
(0.0208593 -0.000943863 -0 0.0208593 -0 0.0208593)
(0.0208931 -0.000888389 -0 0.0208929 -0 0.020893)
(0.0208969 -0.000888655 -0 0.0208968 -0 0.0208968)
(0.0208896 -0.000888391 -0 0.0208899 -0 0.0208897)
(0.0208688 -0.000887832 -0 0.0208689 -0 0.0208688)
(0.0208994 -0.000831172 -0 0.0208992 -0 0.0208993)
(0.0209032 -0.000831423 -0 0.0209031 -0 0.0209032)
(0.0208956 -0.000831161 -0 0.0208958 -0 0.0208957)
(0.0208747 -0.000830636 -0 0.0208747 -0 0.0208747)
(0.020902 -0.000772737 -0 0.0209018 -0 0.0209019)
(0.0209059 -0.000772968 -0 0.0209059 -0 0.0209059)
(0.020898 -0.000772714 -0 0.0208982 -0 0.0208981)
(0.0208771 -0.000772223 -0 0.0208771 -0 0.0208771)
(0.0209014 -0.000713027 -0 0.0209012 -0 0.0209013)
(0.0209052 -0.000713236 -0 0.0209052 -0 0.0209052)
(0.0208972 -0.000712995 -0 0.0208974 -0 0.0208973)
(0.0208762 -0.000712538 -0 0.0208762 -0 0.0208762)
(0.0208976 -0.000651985 -0 0.0208974 -0 0.0208975)
(0.0209016 -0.000652173 -0 0.0209016 -0 0.0209016)
(0.0208934 -0.000651948 -0 0.0208936 -0 0.0208935)
(0.0208723 -0.000651525 -0 0.0208723 -0 0.0208723)
(0.0208909 -0.000589556 -0 0.0208907 -0 0.0208908)
(0.0208951 -0.000589724 -0 0.0208951 -0 0.0208951)
(0.0208868 -0.000589517 -0 0.020887 -0 0.0208869)
(0.0208657 -0.000589129 -0 0.0208657 -0 0.0208657)
(0.0208817 -0.000525686 -0 0.0208815 -0 0.0208816)
(0.020886 -0.000525834 -0 0.020886 -0 0.020886)
(0.0208777 -0.000525643 -0 0.0208779 -0 0.0208778)
(0.0208565 -0.000525292 -0 0.0208565 -0 0.0208565)
(0.0208703 -0.000460315 -0 0.0208701 -0 0.0208702)
(0.0208747 -0.000460441 -0 0.0208747 -0 0.0208747)
(0.0208665 -0.000460268 -0 0.0208667 -0 0.0208666)
(0.0208451 -0.000459952 -0 0.0208451 -0 0.0208451)
(0.0208569 -0.000393379 -0 0.0208567 -0 0.0208568)
(0.0208614 -0.000393477 -0 0.0208614 -0 0.0208614)
(0.0208534 -0.000393325 -0 0.0208536 -0 0.0208535)
(0.0208318 -0.000393045 -0 0.0208318 -0 0.0208318)
(0.0208421 -0.000324809 -0 0.0208419 -0 0.020842)
(0.0208463 -0.000324868 -0 0.0208463 -0 0.0208463)
(0.0208389 -0.000324743 -0 0.0208391 -0 0.020839)
(0.0208169 -0.000324497 -0 0.0208169 -0 0.0208169)
(0.0208265 -0.000254524 -0 0.0208263 -0 0.0208264)
(0.0208297 -0.000254531 -0 0.0208297 -0 0.0208297)
(0.0208236 -0.000254439 -0 0.0208238 -0 0.0208237)
(0.0208009 -0.000254228 -0 0.0208009 -0 0.0208009)
(0.0208108 -0.000182421 -0 0.0208106 -0 0.0208107)
(0.0208115 -0.000182366 -0 0.0208115 -0 0.0208115)
(0.0208078 -0.000182311 -0 0.020808 -0 0.0208079)
(0.0207841 -0.000182139 -0 0.0207841 -0 0.0207841)
(0.0207941 -0.00010836 -0 0.020794 -0 0.0207941)
(0.020794 -0.000108275 -0 0.020794 -0 0.020794)
(0.0207918 -0.000108238 -0 0.020792 -0 0.0207919)
(0.0207669 -0.000108113 -0 0.020767 -0 0.0207669)
(0.0207773 -3.22047e-05 -0 0.0207772 -0 0.0207773)
(0.020777 -3.21083e-05 -0 0.020777 -0 0.020777)
(0.020776 -3.20757e-05 -0 0.0207761 -0 0.020776)
(0.0207499 -3.20097e-05 -0 0.02075 -0 0.02075)
(0.0207612 4.6159e-05 -0 0.020761 -0 0.0207611)
(0.0207608 4.62515e-05 -0 0.0207607 -0 0.0207607)
(0.0207606 4.62911e-05 -0 0.0207608 -0 0.0207607)
(0.0207336 4.62833e-05 -0 0.0207337 -0 0.0207336)
(0.0207462 0.000126948 -0 0.020746 -0 0.0207461)
(0.0207456 0.000127001 -0 0.0207456 -0 0.0207456)
(0.0207464 0.000127058 -0 0.0207466 -0 0.0207465)
(0.0207184 0.000126967 -0 0.0207185 -0 0.0207185)
(0.0207331 8.39622e-05 -0 0.0207329 -0 0.020733)
(0.0207321 8.39715e-05 -0 0.020732 -0 0.020732)
(0.0207338 8.40087e-05 -0 0.020734 -0 0.0207339)
(0.020705 8.39395e-05 -0 0.020705 -0 0.020705)
)
;

boundaryField
{
    inlet
    {
        type            cyclic;
    }
    outlet
    {
        type            cyclic;
    }
    fixedWalls-bottom
    {
        type            kqRWallFunction;
        value           nonuniform List<symmTensor> 4((2.44182e-06 -0 -0 2.44182e-06 -0 2.44182e-06) (2.44241e-06 -0 -0 2.44241e-06 -0 2.44241e-06) (2.44242e-06 -0 -0 2.44242e-06 -0 2.44242e-06) (2.44139e-06 -0 -0 2.44139e-06 -0 2.44139e-06));
    }
    fixedWalls-top
    {
        type            symmetry;
    }
    frontAndBack
    {
        type            empty;
    }
}


// ************************************************************************* //
