/*--------------------------------*- C++ -*----------------------------------*\
  =========                 |
  \\      /  F ield         | OpenFOAM: The Open Source CFD Toolbox
   \\    /   O peration     | Website:  https://openfoam.org
    \\  /    A nd           | Version:  10
     \\/     M anipulation  |
\*---------------------------------------------------------------------------*/
FoamFile
{
    format      ascii;
    class       volSymmTensorField;
    location    "2500";
    object      R;
}
// * * * * * * * * * * * * * * * * * * * * * * * * * * * * * * * * * * * * * //

dimensions      [0 2 -2 0 0 0 0];

internalField   nonuniform List<symmTensor> 
400
(
(1.4803e-16 -1.35311e-20 -0 1.4803e-16 -0 1.4803e-16)
(1.4803e-16 -1.35311e-20 -0 1.4803e-16 -0 1.4803e-16)
(1.4803e-16 -1.35311e-20 -0 1.4803e-16 -0 1.4803e-16)
(1.4803e-16 -1.35311e-20 -0 1.4803e-16 -0 1.4803e-16)
(1.4803e-16 -8.2129e-20 -0 1.4803e-16 -0 1.4803e-16)
(1.4803e-16 -8.2129e-20 -0 1.4803e-16 -0 1.4803e-16)
(1.4803e-16 -8.2129e-20 -0 1.4803e-16 -0 1.4803e-16)
(1.4803e-16 -8.2129e-20 -0 1.4803e-16 -0 1.4803e-16)
(1.4803e-16 -2.47874e-19 -0 1.4803e-16 -0 1.4803e-16)
(1.4803e-16 -2.47874e-19 -0 1.4803e-16 -0 1.4803e-16)
(1.4803e-16 -2.47873e-19 -0 1.4803e-16 -0 1.4803e-16)
(1.4803e-16 -2.47873e-19 -0 1.4803e-16 -0 1.4803e-16)
(1.4803e-16 -5.30399e-19 -0 1.4803e-16 -0 1.4803e-16)
(1.4803e-16 -5.30399e-19 -0 1.4803e-16 -0 1.4803e-16)
(1.4803e-16 -5.304e-19 -0 1.4803e-16 -0 1.4803e-16)
(1.4803e-16 -5.304e-19 -0 1.4803e-16 -0 1.4803e-16)
(1.4803e-16 -9.36486e-19 -0 1.4803e-16 -0 1.4803e-16)
(1.4803e-16 -9.36489e-19 -0 1.4803e-16 -0 1.4803e-16)
(1.4803e-16 -9.36495e-19 -0 1.4803e-16 -0 1.4803e-16)
(1.4803e-16 -9.36494e-19 -0 1.4803e-16 -0 1.4803e-16)
(1.4803e-16 -1.46489e-18 -0 1.4803e-16 -0 1.4803e-16)
(1.4803e-16 -1.46491e-18 -0 1.4803e-16 -0 1.4803e-16)
(1.4803e-16 -1.46493e-18 -0 1.4803e-16 -0 1.4803e-16)
(1.4803e-16 -1.46493e-18 -0 1.4803e-16 -0 1.4803e-16)
(1.4803e-16 -2.11059e-18 -0 1.4803e-16 -0 1.4803e-16)
(1.4803e-16 -2.11065e-18 -0 1.4803e-16 -0 1.4803e-16)
(1.4803e-16 -2.11069e-18 -0 1.4803e-16 -0 1.4803e-16)
(1.4803e-16 -2.11069e-18 -0 1.4803e-16 -0 1.4803e-16)
(1.4803e-16 -2.87063e-18 -0 1.4803e-16 -0 1.4803e-16)
(1.4803e-16 -2.87077e-18 -0 1.4803e-16 -0 1.4803e-16)
(1.4803e-16 -2.87082e-18 -0 1.4803e-16 -0 1.4803e-16)
(1.4803e-16 -2.87082e-18 -0 1.4803e-16 -0 1.4803e-16)
(1.4803e-16 -3.74532e-18 -0 1.4803e-16 -0 1.4803e-16)
(1.4803e-16 -3.74555e-18 -0 1.4803e-16 -0 1.4803e-16)
(1.4803e-16 -3.74561e-18 -0 1.4803e-16 -0 1.4803e-16)
(1.4803e-16 -3.74561e-18 -0 1.4803e-16 -0 1.4803e-16)
(1.4803e-16 -4.73761e-18 -0 1.4803e-16 -0 1.4803e-16)
(1.4803e-16 -4.73793e-18 -0 1.4803e-16 -0 1.4803e-16)
(1.4803e-16 -4.738e-18 -0 1.4803e-16 -0 1.4803e-16)
(1.4803e-16 -4.73799e-18 -0 1.4803e-16 -0 1.4803e-16)
(1.4803e-16 -5.85234e-18 -0 1.4803e-16 -0 1.4803e-16)
(1.4803e-16 -5.85278e-18 -0 1.4803e-16 -0 1.4803e-16)
(1.4803e-16 -5.85284e-18 -0 1.4803e-16 -0 1.4803e-16)
(1.4803e-16 -5.85283e-18 -0 1.4803e-16 -0 1.4803e-16)
(1.4803e-16 -7.09358e-18 -0 1.4803e-16 -0 1.4803e-16)
(1.4803e-16 -7.09416e-18 -0 1.4803e-16 -0 1.4803e-16)
(1.4803e-16 -7.09423e-18 -0 1.4803e-16 -0 1.4803e-16)
(1.4803e-16 -7.09419e-18 -0 1.4803e-16 -0 1.4803e-16)
(1.4803e-16 -8.46132e-18 -0 1.4803e-16 -0 1.4803e-16)
(1.4803e-16 -8.46208e-18 -0 1.4803e-16 -0 1.4803e-16)
(1.4803e-16 -8.46219e-18 -0 1.4803e-16 -0 1.4803e-16)
(1.4803e-16 -8.46213e-18 -0 1.4803e-16 -0 1.4803e-16)
(1.4803e-16 -9.95143e-18 -0 1.4803e-16 -0 1.4803e-16)
(1.4803e-16 -9.95246e-18 -0 1.4803e-16 -0 1.4803e-16)
(1.4803e-16 -9.95267e-18 -0 1.4803e-16 -0 1.4803e-16)
(1.4803e-16 -9.95257e-18 -0 1.4803e-16 -0 1.4803e-16)
(1.4803e-16 -1.15568e-17 -0 1.4803e-16 -0 1.4803e-16)
(1.4803e-16 -1.15583e-17 -0 1.4803e-16 -0 1.4803e-16)
(1.4803e-16 -1.15587e-17 -0 1.4803e-16 -0 1.4803e-16)
(1.4803e-16 -1.15585e-17 -0 1.4803e-16 -0 1.4803e-16)
(1.4803e-16 -1.32681e-17 -0 1.4803e-16 -0 1.4803e-16)
(1.4803e-16 -1.32701e-17 -0 1.4803e-16 -0 1.4803e-16)
(1.4803e-16 -1.32708e-17 -0 1.4803e-16 -0 1.4803e-16)
(1.4803e-16 -1.32705e-17 -0 1.4803e-16 -0 1.4803e-16)
(1.4803e-16 -1.50732e-17 -0 1.4803e-16 -0 1.4803e-16)
(1.4803e-16 -1.50762e-17 -0 1.4803e-16 -0 1.4803e-16)
(1.4803e-16 -1.50773e-17 -0 1.4803e-16 -0 1.4803e-16)
(1.4803e-16 -1.50769e-17 -0 1.4803e-16 -0 1.4803e-16)
(1.4803e-16 -1.69583e-17 -0 1.4803e-16 -0 1.4803e-16)
(1.4803e-16 -1.69625e-17 -0 1.4803e-16 -0 1.4803e-16)
(1.4803e-16 -1.69642e-17 -0 1.4803e-16 -0 1.4803e-16)
(1.4803e-16 -1.69637e-17 -0 1.4803e-16 -0 1.4803e-16)
(1.4803e-16 -1.89076e-17 -0 1.4803e-16 -0 1.4803e-16)
(1.4803e-16 -1.89133e-17 -0 1.4803e-16 -0 1.4803e-16)
(1.4803e-16 -1.8916e-17 -0 1.4803e-16 -0 1.4803e-16)
(1.4803e-16 -1.89153e-17 -0 1.4803e-16 -0 1.4803e-16)
(1.4803e-16 -2.09039e-17 -0 1.4803e-16 -0 1.4803e-16)
(1.4803e-16 -2.09117e-17 -0 1.4803e-16 -0 1.4803e-16)
(1.4803e-16 -2.09155e-17 -0 1.4803e-16 -0 1.4803e-16)
(1.4803e-16 -2.09147e-17 -0 1.4803e-16 -0 1.4803e-16)
(1.4803e-16 -2.29295e-17 -0 1.4803e-16 -0 1.4803e-16)
(1.4803e-16 -2.29398e-17 -0 1.4803e-16 -0 1.4803e-16)
(1.4803e-16 -2.29452e-17 -0 1.4803e-16 -0 1.4803e-16)
(1.4803e-16 -2.29442e-17 -0 1.4803e-16 -0 1.4803e-16)
(1.4803e-16 -2.49666e-17 -0 1.4803e-16 -0 1.4803e-16)
(1.4803e-16 -2.49799e-17 -0 1.4803e-16 -0 1.4803e-16)
(1.4803e-16 -2.49873e-17 -0 1.4803e-16 -0 1.4803e-16)
(1.4803e-16 -2.49861e-17 -0 1.4803e-16 -0 1.4803e-16)
(1.4803e-16 -2.6998e-17 -0 1.4803e-16 -0 1.4803e-16)
(1.4803e-16 -2.70146e-17 -0 1.4803e-16 -0 1.4803e-16)
(1.4803e-16 -2.70245e-17 -0 1.4803e-16 -0 1.4803e-16)
(1.4803e-16 -2.70234e-17 -0 1.4803e-16 -0 1.4803e-16)
(1.4803e-16 -2.90077e-17 -0 1.4803e-16 -0 1.4803e-16)
(1.4803e-16 -2.9028e-17 -0 1.4803e-16 -0 1.4803e-16)
(1.4803e-16 -2.90409e-17 -0 1.4803e-16 -0 1.4803e-16)
(1.4803e-16 -2.90399e-17 -0 1.4803e-16 -0 1.4803e-16)
(1.4803e-16 -3.09814e-17 -0 1.4803e-16 -0 1.4803e-16)
(1.4803e-16 -3.10055e-17 -0 1.4803e-16 -0 1.4803e-16)
(1.4803e-16 -3.1022e-17 -0 1.4803e-16 -0 1.4803e-16)
(1.4803e-16 -3.10216e-17 -0 1.4803e-16 -0 1.4803e-16)
(1.4803e-16 -3.29067e-17 -0 1.4803e-16 -0 1.4803e-16)
(1.4803e-16 -3.29345e-17 -0 1.4803e-16 -0 1.4803e-16)
(1.4803e-16 -3.29553e-17 -0 1.4803e-16 -0 1.4803e-16)
(1.4803e-16 -3.2956e-17 -0 1.4803e-16 -0 1.4803e-16)
(1.4803e-16 -3.47731e-17 -0 1.4803e-16 -0 1.4803e-16)
(1.4803e-16 -3.48043e-17 -0 1.4803e-16 -0 1.4803e-16)
(1.4803e-16 -3.48301e-17 -0 1.4803e-16 -0 1.4803e-16)
(1.4803e-16 -3.48322e-17 -0 1.4803e-16 -0 1.4803e-16)
(1.4803e-16 -3.65722e-17 -0 1.4803e-16 -0 1.4803e-16)
(1.4803e-16 -3.66063e-17 -0 1.4803e-16 -0 1.4803e-16)
(1.4803e-16 -3.66374e-17 -0 1.4803e-16 -0 1.4803e-16)
(1.4803e-16 -3.66417e-17 -0 1.4803e-16 -0 1.4803e-16)
(1.4803e-16 -3.82973e-17 -0 1.4803e-16 -0 1.4803e-16)
(1.4803e-16 -3.83336e-17 -0 1.4803e-16 -0 1.4803e-16)
(1.4803e-16 -3.83701e-17 -0 1.4803e-16 -0 1.4803e-16)
(1.4803e-16 -3.83779e-17 -0 1.4803e-16 -0 1.4803e-16)
(1.4803e-16 -3.99436e-17 -0 1.4803e-16 -0 1.4803e-16)
(1.4803e-16 -3.9981e-17 -0 1.4803e-16 -0 1.4803e-16)
(1.4803e-16 -4.00228e-17 -0 1.4803e-16 -0 1.4803e-16)
(1.4803e-16 -4.00355e-17 -0 1.4803e-16 -0 1.4803e-16)
(1.4803e-16 -4.15076e-17 -0 1.4803e-16 -0 1.4803e-16)
(1.4803e-16 -4.15448e-17 -0 1.4803e-16 -0 1.4803e-16)
(1.4803e-16 -4.15916e-17 -0 1.4803e-16 -0 1.4803e-16)
(1.4803e-16 -4.1611e-17 -0 1.4803e-16 -0 1.4803e-16)
(1.4803e-16 -4.2987e-17 -0 1.4803e-16 -0 1.4803e-16)
(1.4803e-16 -4.30231e-17 -0 1.4803e-16 -0 1.4803e-16)
(1.4803e-16 -4.30743e-17 -0 1.4803e-16 -0 1.4803e-16)
(1.4803e-16 -4.31021e-17 -0 1.4803e-16 -0 1.4803e-16)
(1.4803e-16 -4.43806e-17 -0 1.4803e-16 -0 1.4803e-16)
(1.4803e-16 -4.44147e-17 -0 1.4803e-16 -0 1.4803e-16)
(1.4803e-16 -4.44695e-17 -0 1.4803e-16 -0 1.4803e-16)
(1.4803e-16 -4.45075e-17 -0 1.4803e-16 -0 1.4803e-16)
(1.4803e-16 -4.5688e-17 -0 1.4803e-16 -0 1.4803e-16)
(1.4803e-16 -4.57196e-17 -0 1.4803e-16 -0 1.4803e-16)
(1.4803e-16 -4.57769e-17 -0 1.4803e-16 -0 1.4803e-16)
(1.4803e-16 -4.58267e-17 -0 1.4803e-16 -0 1.4803e-16)
(1.4803e-16 -4.69097e-17 -0 1.4803e-16 -0 1.4803e-16)
(1.4803e-16 -4.69386e-17 -0 1.4803e-16 -0 1.4803e-16)
(1.4803e-16 -4.6997e-17 -0 1.4803e-16 -0 1.4803e-16)
(1.4803e-16 -4.706e-17 -0 1.4803e-16 -0 1.4803e-16)
(1.4803e-16 -4.80466e-17 -0 1.4803e-16 -0 1.4803e-16)
(1.4803e-16 -4.80732e-17 -0 1.4803e-16 -0 1.4803e-16)
(1.4803e-16 -4.81312e-17 -0 1.4803e-16 -0 1.4803e-16)
(1.4803e-16 -4.82084e-17 -0 1.4803e-16 -0 1.4803e-16)
(1.4803e-16 -4.91004e-17 -0 1.4803e-16 -0 1.4803e-16)
(1.4803e-16 -4.91249e-17 -0 1.4803e-16 -0 1.4803e-16)
(1.4803e-16 -4.91816e-17 -0 1.4803e-16 -0 1.4803e-16)
(1.4803e-16 -4.92736e-17 -0 1.4803e-16 -0 1.4803e-16)
(1.4803e-16 -5.00733e-17 -0 1.4803e-16 -0 1.4803e-16)
(1.4803e-16 -5.00959e-17 -0 1.4803e-16 -0 1.4803e-16)
(1.4803e-16 -5.01512e-17 -0 1.4803e-16 -0 1.4803e-16)
(1.4803e-16 -5.02575e-17 -0 1.4803e-16 -0 1.4803e-16)
(1.4803e-16 -5.09679e-17 -0 1.4803e-16 -0 1.4803e-16)
(1.4803e-16 -5.09889e-17 -0 1.4803e-16 -0 1.4803e-16)
(1.4803e-16 -5.10434e-17 -0 1.4803e-16 -0 1.4803e-16)
(1.4803e-16 -5.11627e-17 -0 1.4803e-16 -0 1.4803e-16)
(1.4803e-16 -5.17874e-17 -0 1.4803e-16 -0 1.4803e-16)
(1.4803e-16 -5.18072e-17 -0 1.4803e-16 -0 1.4803e-16)
(1.4803e-16 -5.18614e-17 -0 1.4803e-16 -0 1.4803e-16)
(1.4803e-16 -5.19925e-17 -0 1.4803e-16 -0 1.4803e-16)
(1.4803e-16 -5.25356e-17 -0 1.4803e-16 -0 1.4803e-16)
(1.4803e-16 -5.25544e-17 -0 1.4803e-16 -0 1.4803e-16)
(1.4803e-16 -5.26088e-17 -0 1.4803e-16 -0 1.4803e-16)
(1.4803e-16 -5.27509e-17 -0 1.4803e-16 -0 1.4803e-16)
(1.4803e-16 -5.32167e-17 -0 1.4803e-16 -0 1.4803e-16)
(1.4803e-16 -5.32349e-17 -0 1.4803e-16 -0 1.4803e-16)
(1.4803e-16 -5.32896e-17 -0 1.4803e-16 -0 1.4803e-16)
(1.4803e-16 -5.34423e-17 -0 1.4803e-16 -0 1.4803e-16)
(1.4803e-16 -5.38357e-17 -0 1.4803e-16 -0 1.4803e-16)
(1.4803e-16 -5.38533e-17 -0 1.4803e-16 -0 1.4803e-16)
(1.4803e-16 -5.39087e-17 -0 1.4803e-16 -0 1.4803e-16)
(1.4803e-16 -5.40717e-17 -0 1.4803e-16 -0 1.4803e-16)
(1.4803e-16 -5.43982e-17 -0 1.4803e-16 -0 1.4803e-16)
(1.4803e-16 -5.44155e-17 -0 1.4803e-16 -0 1.4803e-16)
(1.4803e-16 -5.44718e-17 -0 1.4803e-16 -0 1.4803e-16)
(1.4803e-16 -5.4645e-17 -0 1.4803e-16 -0 1.4803e-16)
(1.4803e-16 -5.49111e-17 -0 1.4803e-16 -0 1.4803e-16)
(1.4803e-16 -5.49282e-17 -0 1.4803e-16 -0 1.4803e-16)
(1.4803e-16 -5.49857e-17 -0 1.4803e-16 -0 1.4803e-16)
(1.4803e-16 -5.5169e-17 -0 1.4803e-16 -0 1.4803e-16)
(1.4803e-16 -5.53823e-17 -0 1.4803e-16 -0 1.4803e-16)
(1.4803e-16 -5.53993e-17 -0 1.4803e-16 -0 1.4803e-16)
(1.4803e-16 -5.54586e-17 -0 1.4803e-16 -0 1.4803e-16)
(1.4803e-16 -5.56518e-17 -0 1.4803e-16 -0 1.4803e-16)
(1.4803e-16 -5.58206e-17 -0 1.4803e-16 -0 1.4803e-16)
(1.4803e-16 -5.58376e-17 -0 1.4803e-16 -0 1.4803e-16)
(1.4803e-16 -5.5899e-17 -0 1.4803e-16 -0 1.4803e-16)
(1.4803e-16 -5.61023e-17 -0 1.4803e-16 -0 1.4803e-16)
(1.4803e-16 -5.62339e-17 -0 1.4803e-16 -0 1.4803e-16)
(1.4803e-16 -5.62511e-17 -0 1.4803e-16 -0 1.4803e-16)
(1.4803e-16 -5.6315e-17 -0 1.4803e-16 -0 1.4803e-16)
(1.4803e-16 -5.65286e-17 -0 1.4803e-16 -0 1.4803e-16)
(1.4803e-16 -5.66285e-17 -0 1.4803e-16 -0 1.4803e-16)
(1.4803e-16 -5.66459e-17 -0 1.4803e-16 -0 1.4803e-16)
(1.4803e-16 -5.67127e-17 -0 1.4803e-16 -0 1.4803e-16)
(1.4803e-16 -5.69371e-17 -0 1.4803e-16 -0 1.4803e-16)
(1.4803e-16 -5.70096e-17 -0 1.4803e-16 -0 1.4803e-16)
(1.4803e-16 -5.7027e-17 -0 1.4803e-16 -0 1.4803e-16)
(1.4803e-16 -5.70972e-17 -0 1.4803e-16 -0 1.4803e-16)
(1.4803e-16 -5.73331e-17 -0 1.4803e-16 -0 1.4803e-16)
(1.4803e-16 -5.73829e-17 -0 1.4803e-16 -0 1.4803e-16)
(1.4803e-16 -5.73996e-17 -0 1.4803e-16 -0 1.4803e-16)
(1.4803e-16 -5.74743e-17 -0 1.4803e-16 -0 1.4803e-16)
(1.4803e-16 -5.77219e-17 -0 1.4803e-16 -0 1.4803e-16)
(1.4803e-16 -5.7754e-17 -0 1.4803e-16 -0 1.4803e-16)
(1.4803e-16 -5.77693e-17 -0 1.4803e-16 -0 1.4803e-16)
(1.4803e-16 -5.78495e-17 -0 1.4803e-16 -0 1.4803e-16)
(1.4803e-16 -5.81095e-17 -0 1.4803e-16 -0 1.4803e-16)
(1.4803e-16 -5.81267e-17 -0 1.4803e-16 -0 1.4803e-16)
(1.4803e-16 -5.81403e-17 -0 1.4803e-16 -0 1.4803e-16)
(1.4803e-16 -5.82259e-17 -0 1.4803e-16 -0 1.4803e-16)
(1.4803e-16 -5.84994e-17 -0 1.4803e-16 -0 1.4803e-16)
(1.4803e-16 -5.84999e-17 -0 1.4803e-16 -0 1.4803e-16)
(1.4803e-16 -5.85118e-17 -0 1.4803e-16 -0 1.4803e-16)
(1.4803e-16 -5.86021e-17 -0 1.4803e-16 -0 1.4803e-16)
(1.4803e-16 -5.88904e-17 -0 1.4803e-16 -0 1.4803e-16)
(1.4803e-16 -5.88666e-17 -0 1.4803e-16 -0 1.4803e-16)
(1.4803e-16 -5.88753e-17 -0 1.4803e-16 -0 1.4803e-16)
(1.4803e-16 -5.89731e-17 -0 1.4803e-16 -0 1.4803e-16)
(1.4803e-16 -5.92759e-17 -0 1.4803e-16 -0 1.4803e-16)
(1.4803e-16 -5.9217e-17 -0 1.4803e-16 -0 1.4803e-16)
(1.4803e-16 -5.92209e-17 -0 1.4803e-16 -0 1.4803e-16)
(1.4803e-16 -5.93303e-17 -0 1.4803e-16 -0 1.4803e-16)
(1.4803e-16 -5.96462e-17 -0 1.4803e-16 -0 1.4803e-16)
(1.4803e-16 -5.95422e-17 -0 1.4803e-16 -0 1.4803e-16)
(1.4803e-16 -5.9547e-17 -0 1.4803e-16 -0 1.4803e-16)
(1.4803e-16 -5.96624e-17 -0 1.4803e-16 -0 1.4803e-16)
(1.4803e-16 -5.99919e-17 -0 1.4803e-16 -0 1.4803e-16)
(1.4803e-16 -5.98405e-17 -0 1.4803e-16 -0 1.4803e-16)
(1.4803e-16 -5.98444e-17 -0 1.4803e-16 -0 1.4803e-16)
(1.4803e-16 -5.99601e-17 -0 1.4803e-16 -0 1.4803e-16)
(1.4803e-16 -6.03055e-17 -0 1.4803e-16 -0 1.4803e-16)
(1.4803e-16 -6.00957e-17 -0 1.4803e-16 -0 1.4803e-16)
(1.4803e-16 -6.00962e-17 -0 1.4803e-16 -0 1.4803e-16)
(1.4803e-16 -6.02248e-17 -0 1.4803e-16 -0 1.4803e-16)
(1.4803e-16 -6.05801e-17 -0 1.4803e-16 -0 1.4803e-16)
(1.4803e-16 -6.03053e-17 -0 1.4803e-16 -0 1.4803e-16)
(1.4803e-16 -6.03126e-17 -0 1.4803e-16 -0 1.4803e-16)
(1.4803e-16 -6.04454e-17 -0 1.4803e-16 -0 1.4803e-16)
(1.4803e-16 -6.08129e-17 -0 1.4803e-16 -0 1.4803e-16)
(1.4803e-16 -6.04777e-17 -0 1.4803e-16 -0 1.4803e-16)
(1.4803e-16 -6.04834e-17 -0 1.4803e-16 -0 1.4803e-16)
(1.4803e-16 -6.06191e-17 -0 1.4803e-16 -0 1.4803e-16)
(1.4803e-16 -6.10023e-17 -0 1.4803e-16 -0 1.4803e-16)
(1.4803e-16 -6.06107e-17 -0 1.4803e-16 -0 1.4803e-16)
(1.4803e-16 -6.06105e-17 -0 1.4803e-16 -0 1.4803e-16)
(1.4803e-16 -6.07463e-17 -0 1.4803e-16 -0 1.4803e-16)
(1.4803e-16 -6.11456e-17 -0 1.4803e-16 -0 1.4803e-16)
(1.4803e-16 -6.07023e-17 -0 1.4803e-16 -0 1.4803e-16)
(1.4803e-16 -6.06969e-17 -0 1.4803e-16 -0 1.4803e-16)
(1.4803e-16 -6.0826e-17 -0 1.4803e-16 -0 1.4803e-16)
(1.4803e-16 -6.1242e-17 -0 1.4803e-16 -0 1.4803e-16)
(1.4803e-16 -6.07405e-17 -0 1.4803e-16 -0 1.4803e-16)
(1.4803e-16 -6.07231e-17 -0 1.4803e-16 -0 1.4803e-16)
(1.4803e-16 -6.0867e-17 -0 1.4803e-16 -0 1.4803e-16)
(1.4803e-16 -6.12896e-17 -0 1.4803e-16 -0 1.4803e-16)
(1.4803e-16 -6.07262e-17 -0 1.4803e-16 -0 1.4803e-16)
(1.4803e-16 -6.07025e-17 -0 1.4803e-16 -0 1.4803e-16)
(1.4803e-16 -6.08623e-17 -0 1.4803e-16 -0 1.4803e-16)
(1.4803e-16 -6.12887e-17 -0 1.4803e-16 -0 1.4803e-16)
(1.4803e-16 -6.06586e-17 -0 1.4803e-16 -0 1.4803e-16)
(1.4803e-16 -6.06437e-17 -0 1.4803e-16 -0 1.4803e-16)
(1.4803e-16 -6.08085e-17 -0 1.4803e-16 -0 1.4803e-16)
(1.4803e-16 -6.12391e-17 -0 1.4803e-16 -0 1.4803e-16)
(1.4803e-16 -6.05384e-17 -0 1.4803e-16 -0 1.4803e-16)
(1.4803e-16 -6.05404e-17 -0 1.4803e-16 -0 1.4803e-16)
(1.4803e-16 -6.07054e-17 -0 1.4803e-16 -0 1.4803e-16)
(1.4803e-16 -6.11403e-17 -0 1.4803e-16 -0 1.4803e-16)
(1.4803e-16 -6.03796e-17 -0 1.4803e-16 -0 1.4803e-16)
(1.4803e-16 -6.03863e-17 -0 1.4803e-16 -0 1.4803e-16)
(1.4803e-16 -6.0552e-17 -0 1.4803e-16 -0 1.4803e-16)
(1.4803e-16 -6.09932e-17 -0 1.4803e-16 -0 1.4803e-16)
(1.4803e-16 -6.01773e-17 -0 1.4803e-16 -0 1.4803e-16)
(1.4803e-16 -6.01818e-17 -0 1.4803e-16 -0 1.4803e-16)
(1.4803e-16 -6.03485e-17 -0 1.4803e-16 -0 1.4803e-16)
(1.4803e-16 -6.07958e-17 -0 1.4803e-16 -0 1.4803e-16)
(1.4803e-16 -5.99268e-17 -0 1.4803e-16 -0 1.4803e-16)
(1.4803e-16 -5.99259e-17 -0 1.4803e-16 -0 1.4803e-16)
(1.4803e-16 -6.00936e-17 -0 1.4803e-16 -0 1.4803e-16)
(1.4803e-16 -6.05464e-17 -0 1.4803e-16 -0 1.4803e-16)
(1.4803e-16 -5.96234e-17 -0 1.4803e-16 -0 1.4803e-16)
(1.4803e-16 -5.96168e-17 -0 1.4803e-16 -0 1.4803e-16)
(1.4803e-16 -5.97856e-17 -0 1.4803e-16 -0 1.4803e-16)
(1.4803e-16 -6.02432e-17 -0 1.4803e-16 -0 1.4803e-16)
(1.4803e-16 -5.92633e-17 -0 1.4803e-16 -0 1.4803e-16)
(1.4803e-16 -5.92533e-17 -0 1.4803e-16 -0 1.4803e-16)
(1.4803e-16 -5.94236e-17 -0 1.4803e-16 -0 1.4803e-16)
(1.4803e-16 -5.98838e-17 -0 1.4803e-16 -0 1.4803e-16)
(1.4803e-16 -5.88436e-17 -0 1.4803e-16 -0 1.4803e-16)
(1.4803e-16 -5.88329e-17 -0 1.4803e-16 -0 1.4803e-16)
(1.4803e-16 -5.90047e-17 -0 1.4803e-16 -0 1.4803e-16)
(1.4803e-16 -5.94658e-17 -0 1.4803e-16 -0 1.4803e-16)
(1.4803e-16 -5.83605e-17 -0 1.4803e-16 -0 1.4803e-16)
(1.4803e-16 -5.83537e-17 -0 1.4803e-16 -0 1.4803e-16)
(1.4803e-16 -5.85244e-17 -0 1.4803e-16 -0 1.4803e-16)
(1.4803e-16 -5.89866e-17 -0 1.4803e-16 -0 1.4803e-16)
(1.4803e-16 -5.7809e-17 -0 1.4803e-16 -0 1.4803e-16)
(1.4803e-16 -5.7815e-17 -0 1.4803e-16 -0 1.4803e-16)
(1.4803e-16 -5.79752e-17 -0 1.4803e-16 -0 1.4803e-16)
(1.4803e-16 -5.8444e-17 -0 1.4803e-16 -0 1.4803e-16)
(1.4803e-16 -5.7179e-17 -0 1.4803e-16 -0 1.4803e-16)
(1.4803e-16 -5.72228e-17 -0 1.4803e-16 -0 1.4803e-16)
(1.4803e-16 -5.73408e-17 -0 1.4803e-16 -0 1.4803e-16)
(1.4803e-16 -5.78349e-17 -0 1.4803e-16 -0 1.4803e-16)
(1.4803e-16 -5.6444e-17 -0 1.4803e-16 -0 1.4803e-16)
(1.4803e-16 -5.66035e-17 -0 1.4803e-16 -0 1.4803e-16)
(1.4803e-16 -5.66059e-17 -0 1.4803e-16 -0 1.4803e-16)
(1.4803e-16 -5.7153e-17 -0 1.4803e-16 -0 1.4803e-16)
(1.4803e-16 -5.56809e-17 -0 1.4803e-16 -0 1.4803e-16)
(1.4803e-16 -5.58377e-17 -0 1.4803e-16 -0 1.4803e-16)
(1.4803e-16 -5.58415e-17 -0 1.4803e-16 -0 1.4803e-16)
(1.4803e-16 -5.63768e-17 -0 1.4803e-16 -0 1.4803e-16)
(1.4803e-16 -5.48453e-17 -0 1.4803e-16 -0 1.4803e-16)
(1.4803e-16 -5.49656e-17 -0 1.4803e-16 -0 1.4803e-16)
(1.4803e-16 -5.49763e-17 -0 1.4803e-16 -0 1.4803e-16)
(1.4803e-16 -5.55202e-17 -0 1.4803e-16 -0 1.4803e-16)
(1.4803e-16 -5.39573e-17 -0 1.4803e-16 -0 1.4803e-16)
(1.4803e-16 -5.39888e-17 -0 1.4803e-16 -0 1.4803e-16)
(1.4803e-16 -5.40661e-17 -0 1.4803e-16 -0 1.4803e-16)
(1.4803e-16 -5.45511e-17 -0 1.4803e-16 -0 1.4803e-16)
(1.4803e-16 -5.28998e-17 -0 1.4803e-16 -0 1.4803e-16)
(1.4803e-16 -5.29199e-17 -0 1.4803e-16 -0 1.4803e-16)
(1.4803e-16 -5.30616e-17 -0 1.4803e-16 -0 1.4803e-16)
(1.4803e-16 -5.34787e-17 -0 1.4803e-16 -0 1.4803e-16)
(1.4803e-16 -5.17189e-17 -0 1.4803e-16 -0 1.4803e-16)
(1.4803e-16 -5.18456e-17 -0 1.4803e-16 -0 1.4803e-16)
(1.4803e-16 -5.1876e-17 -0 1.4803e-16 -0 1.4803e-16)
(1.4803e-16 -5.2312e-17 -0 1.4803e-16 -0 1.4803e-16)
(1.4803e-16 -5.0433e-17 -0 1.4803e-16 -0 1.4803e-16)
(1.4803e-16 -5.05823e-17 -0 1.4803e-16 -0 1.4803e-16)
(1.4803e-16 -5.06002e-17 -0 1.4803e-16 -0 1.4803e-16)
(1.4803e-16 -5.10308e-17 -0 1.4803e-16 -0 1.4803e-16)
(1.4803e-16 -4.90291e-17 -0 1.4803e-16 -0 1.4803e-16)
(1.4803e-16 -4.91871e-17 -0 1.4803e-16 -0 1.4803e-16)
(1.4803e-16 -4.92015e-17 -0 1.4803e-16 -0 1.4803e-16)
(1.4803e-16 -4.96242e-17 -0 1.4803e-16 -0 1.4803e-16)
(1.4803e-16 -4.74963e-17 -0 1.4803e-16 -0 1.4803e-16)
(1.4803e-16 -4.76549e-17 -0 1.4803e-16 -0 1.4803e-16)
(1.4803e-16 -4.76683e-17 -0 1.4803e-16 -0 1.4803e-16)
(1.4803e-16 -4.80827e-17 -0 1.4803e-16 -0 1.4803e-16)
(1.4803e-16 -4.58239e-17 -0 1.4803e-16 -0 1.4803e-16)
(1.4803e-16 -4.59772e-17 -0 1.4803e-16 -0 1.4803e-16)
(1.4803e-16 -4.59905e-17 -0 1.4803e-16 -0 1.4803e-16)
(1.4803e-16 -4.63966e-17 -0 1.4803e-16 -0 1.4803e-16)
(1.4803e-16 -4.40012e-17 -0 1.4803e-16 -0 1.4803e-16)
(1.4803e-16 -4.41431e-17 -0 1.4803e-16 -0 1.4803e-16)
(1.4803e-16 -4.41581e-17 -0 1.4803e-16 -0 1.4803e-16)
(1.4803e-16 -4.45555e-17 -0 1.4803e-16 -0 1.4803e-16)
(1.4803e-16 -4.20163e-17 -0 1.4803e-16 -0 1.4803e-16)
(1.4803e-16 -4.21389e-17 -0 1.4803e-16 -0 1.4803e-16)
(1.4803e-16 -4.21614e-17 -0 1.4803e-16 -0 1.4803e-16)
(1.4803e-16 -4.25495e-17 -0 1.4803e-16 -0 1.4803e-16)
(1.4803e-16 -3.98555e-17 -0 1.4803e-16 -0 1.4803e-16)
(1.4803e-16 -3.9947e-17 -0 1.4803e-16 -0 1.4803e-16)
(1.4803e-16 -3.99917e-17 -0 1.4803e-16 -0 1.4803e-16)
(1.4803e-16 -4.03694e-17 -0 1.4803e-16 -0 1.4803e-16)
(1.4803e-16 -3.75003e-17 -0 1.4803e-16 -0 1.4803e-16)
(1.4803e-16 -3.75404e-17 -0 1.4803e-16 -0 1.4803e-16)
(1.4803e-16 -3.76381e-17 -0 1.4803e-16 -0 1.4803e-16)
(1.4803e-16 -3.80074e-17 -0 1.4803e-16 -0 1.4803e-16)
(1.4803e-16 -3.49186e-17 -0 1.4803e-16 -0 1.4803e-16)
(1.4803e-16 -3.50539e-17 -0 1.4803e-16 -0 1.4803e-16)
(1.4803e-16 -3.50337e-17 -0 1.4803e-16 -0 1.4803e-16)
(1.4803e-16 -3.54509e-17 -0 1.4803e-16 -0 1.4803e-16)
(1.4803e-16 -3.21978e-17 -0 1.4803e-16 -0 1.4803e-16)
(1.4803e-16 -3.22787e-17 -0 1.4803e-16 -0 1.4803e-16)
(1.4803e-16 -3.23193e-17 -0 1.4803e-16 -0 1.4803e-16)
(1.4803e-16 -3.26563e-17 -0 1.4803e-16 -0 1.4803e-16)
(1.4803e-16 -2.92945e-17 -0 1.4803e-16 -0 1.4803e-16)
(1.4803e-16 -2.92538e-17 -0 1.4803e-16 -0 1.4803e-16)
(1.4803e-16 -2.94198e-17 -0 1.4803e-16 -0 1.4803e-16)
(1.4803e-16 -2.96344e-17 -0 1.4803e-16 -0 1.4803e-16)
(1.4803e-16 -2.61062e-17 -0 1.4803e-16 -0 1.4803e-16)
(1.4803e-16 -2.60688e-17 -0 1.4803e-16 -0 1.4803e-16)
(1.4803e-16 -2.62316e-17 -0 1.4803e-16 -0 1.4803e-16)
(1.4803e-16 -2.64003e-17 -0 1.4803e-16 -0 1.4803e-16)
(1.4803e-16 -2.26837e-17 -0 1.4803e-16 -0 1.4803e-16)
(1.4803e-16 -2.2651e-17 -0 1.4803e-16 -0 1.4803e-16)
(1.4803e-16 -2.27955e-17 -0 1.4803e-16 -0 1.4803e-16)
(1.4803e-16 -2.29384e-17 -0 1.4803e-16 -0 1.4803e-16)
(1.4803e-16 -1.90274e-17 -0 1.4803e-16 -0 1.4803e-16)
(1.4803e-16 -1.8999e-17 -0 1.4803e-16 -0 1.4803e-16)
(1.4803e-16 -1.91179e-17 -0 1.4803e-16 -0 1.4803e-16)
(1.4803e-16 -1.92448e-17 -0 1.4803e-16 -0 1.4803e-16)
(1.4803e-16 -1.51413e-17 -0 1.4803e-16 -0 1.4803e-16)
(1.4803e-16 -1.51196e-17 -0 1.4803e-16 -0 1.4803e-16)
(1.4803e-16 -1.52042e-17 -0 1.4803e-16 -0 1.4803e-16)
(1.4803e-16 -1.53213e-17 -0 1.4803e-16 -0 1.4803e-16)
(1.4803e-16 -1.10362e-17 -0 1.4803e-16 -0 1.4803e-16)
(1.4803e-16 -1.10293e-17 -0 1.4803e-16 -0 1.4803e-16)
(1.4803e-16 -1.10758e-17 -0 1.4803e-16 -0 1.4803e-16)
(1.4803e-16 -1.11759e-17 -0 1.4803e-16 -0 1.4803e-16)
(1.4803e-16 -6.73329e-18 -0 1.4803e-16 -0 1.4803e-16)
(1.4803e-16 -6.75542e-18 -0 1.4803e-16 -0 1.4803e-16)
(1.4803e-16 -6.76395e-18 -0 1.4803e-16 -0 1.4803e-16)
(1.4803e-16 -6.82383e-18 -0 1.4803e-16 -0 1.4803e-16)
(1.4803e-16 -2.2705e-18 -0 1.4803e-16 -0 1.4803e-16)
(1.4803e-16 -2.28197e-18 -0 1.4803e-16 -0 1.4803e-16)
(1.4803e-16 -2.28437e-18 -0 1.4803e-16 -0 1.4803e-16)
(1.4803e-16 -2.30436e-18 -0 1.4803e-16 -0 1.4803e-16)
)
;

boundaryField
{
    inlet
    {
        type            cyclic;
    }
    outlet
    {
        type            cyclic;
    }
    fixedWalls-bottom
    {
        type            kqRWallFunction;
        value           uniform (1.4803e-16 -0 -0 1.4803e-16 -0 1.4803e-16);
    }
    fixedWalls-top
    {
        type            symmetry;
    }
    frontAndBack
    {
        type            empty;
    }
}


// ************************************************************************* //
