/*--------------------------------*- C++ -*----------------------------------*\
  =========                 |
  \\      /  F ield         | OpenFOAM: The Open Source CFD Toolbox
   \\    /   O peration     | Website:  https://openfoam.org
    \\  /    A nd           | Version:  10
     \\/     M anipulation  |
\*---------------------------------------------------------------------------*/
FoamFile
{
    format      ascii;
    class       volSymmTensorField;
    location    "2500";
    object      R;
}
// * * * * * * * * * * * * * * * * * * * * * * * * * * * * * * * * * * * * * //

dimensions      [0 2 -2 0 0 0 0];

internalField   nonuniform List<symmTensor> 
400
(
(1.4803e-16 -1.51532e-20 -0 1.4803e-16 -0 1.4803e-16)
(1.4803e-16 -1.51532e-20 -0 1.4803e-16 -0 1.4803e-16)
(1.4803e-16 -1.51532e-20 -0 1.4803e-16 -0 1.4803e-16)
(1.4803e-16 -1.51532e-20 -0 1.4803e-16 -0 1.4803e-16)
(1.4803e-16 -9.19745e-20 -0 1.4803e-16 -0 1.4803e-16)
(1.4803e-16 -9.19745e-20 -0 1.4803e-16 -0 1.4803e-16)
(1.4803e-16 -9.19745e-20 -0 1.4803e-16 -0 1.4803e-16)
(1.4803e-16 -9.19745e-20 -0 1.4803e-16 -0 1.4803e-16)
(1.4803e-16 -2.77587e-19 -0 1.4803e-16 -0 1.4803e-16)
(1.4803e-16 -2.77587e-19 -0 1.4803e-16 -0 1.4803e-16)
(1.4803e-16 -2.77587e-19 -0 1.4803e-16 -0 1.4803e-16)
(1.4803e-16 -2.77587e-19 -0 1.4803e-16 -0 1.4803e-16)
(1.4803e-16 -5.9404e-19 -0 1.4803e-16 -0 1.4803e-16)
(1.4803e-16 -5.94041e-19 -0 1.4803e-16 -0 1.4803e-16)
(1.4803e-16 -5.94041e-19 -0 1.4803e-16 -0 1.4803e-16)
(1.4803e-16 -5.94041e-19 -0 1.4803e-16 -0 1.4803e-16)
(1.4803e-16 -1.04933e-18 -0 1.4803e-16 -0 1.4803e-16)
(1.4803e-16 -1.04934e-18 -0 1.4803e-16 -0 1.4803e-16)
(1.4803e-16 -1.04934e-18 -0 1.4803e-16 -0 1.4803e-16)
(1.4803e-16 -1.04934e-18 -0 1.4803e-16 -0 1.4803e-16)
(1.4803e-16 -1.64292e-18 -0 1.4803e-16 -0 1.4803e-16)
(1.4803e-16 -1.64295e-18 -0 1.4803e-16 -0 1.4803e-16)
(1.4803e-16 -1.64297e-18 -0 1.4803e-16 -0 1.4803e-16)
(1.4803e-16 -1.64296e-18 -0 1.4803e-16 -0 1.4803e-16)
(1.4803e-16 -2.36962e-18 -0 1.4803e-16 -0 1.4803e-16)
(1.4803e-16 -2.36971e-18 -0 1.4803e-16 -0 1.4803e-16)
(1.4803e-16 -2.36975e-18 -0 1.4803e-16 -0 1.4803e-16)
(1.4803e-16 -2.36973e-18 -0 1.4803e-16 -0 1.4803e-16)
(1.4803e-16 -3.22601e-18 -0 1.4803e-16 -0 1.4803e-16)
(1.4803e-16 -3.22622e-18 -0 1.4803e-16 -0 1.4803e-16)
(1.4803e-16 -3.22627e-18 -0 1.4803e-16 -0 1.4803e-16)
(1.4803e-16 -3.22624e-18 -0 1.4803e-16 -0 1.4803e-16)
(1.4803e-16 -4.2124e-18 -0 1.4803e-16 -0 1.4803e-16)
(1.4803e-16 -4.21275e-18 -0 1.4803e-16 -0 1.4803e-16)
(1.4803e-16 -4.21279e-18 -0 1.4803e-16 -0 1.4803e-16)
(1.4803e-16 -4.21276e-18 -0 1.4803e-16 -0 1.4803e-16)
(1.4803e-16 -5.33064e-18 -0 1.4803e-16 -0 1.4803e-16)
(1.4803e-16 -5.33115e-18 -0 1.4803e-16 -0 1.4803e-16)
(1.4803e-16 -5.3312e-18 -0 1.4803e-16 -0 1.4803e-16)
(1.4803e-16 -5.33116e-18 -0 1.4803e-16 -0 1.4803e-16)
(1.4803e-16 -6.58251e-18 -0 1.4803e-16 -0 1.4803e-16)
(1.4803e-16 -6.58318e-18 -0 1.4803e-16 -0 1.4803e-16)
(1.4803e-16 -6.58325e-18 -0 1.4803e-16 -0 1.4803e-16)
(1.4803e-16 -6.5832e-18 -0 1.4803e-16 -0 1.4803e-16)
(1.4803e-16 -7.96886e-18 -0 1.4803e-16 -0 1.4803e-16)
(1.4803e-16 -7.9697e-18 -0 1.4803e-16 -0 1.4803e-16)
(1.4803e-16 -7.9698e-18 -0 1.4803e-16 -0 1.4803e-16)
(1.4803e-16 -7.96974e-18 -0 1.4803e-16 -0 1.4803e-16)
(1.4803e-16 -9.48922e-18 -0 1.4803e-16 -0 1.4803e-16)
(1.4803e-16 -9.49027e-18 -0 1.4803e-16 -0 1.4803e-16)
(1.4803e-16 -9.49044e-18 -0 1.4803e-16 -0 1.4803e-16)
(1.4803e-16 -9.49035e-18 -0 1.4803e-16 -0 1.4803e-16)
(1.4803e-16 -1.1141e-17 -0 1.4803e-16 -0 1.4803e-16)
(1.4803e-16 -1.11423e-17 -0 1.4803e-16 -0 1.4803e-16)
(1.4803e-16 -1.11426e-17 -0 1.4803e-16 -0 1.4803e-16)
(1.4803e-16 -1.11425e-17 -0 1.4803e-16 -0 1.4803e-16)
(1.4803e-16 -1.29181e-17 -0 1.4803e-16 -0 1.4803e-16)
(1.4803e-16 -1.29199e-17 -0 1.4803e-16 -0 1.4803e-16)
(1.4803e-16 -1.29204e-17 -0 1.4803e-16 -0 1.4803e-16)
(1.4803e-16 -1.29202e-17 -0 1.4803e-16 -0 1.4803e-16)
(1.4803e-16 -1.48101e-17 -0 1.4803e-16 -0 1.4803e-16)
(1.4803e-16 -1.48125e-17 -0 1.4803e-16 -0 1.4803e-16)
(1.4803e-16 -1.48133e-17 -0 1.4803e-16 -0 1.4803e-16)
(1.4803e-16 -1.4813e-17 -0 1.4803e-16 -0 1.4803e-16)
(1.4803e-16 -1.68025e-17 -0 1.4803e-16 -0 1.4803e-16)
(1.4803e-16 -1.68058e-17 -0 1.4803e-16 -0 1.4803e-16)
(1.4803e-16 -1.68071e-17 -0 1.4803e-16 -0 1.4803e-16)
(1.4803e-16 -1.68067e-17 -0 1.4803e-16 -0 1.4803e-16)
(1.4803e-16 -1.88779e-17 -0 1.4803e-16 -0 1.4803e-16)
(1.4803e-16 -1.88826e-17 -0 1.4803e-16 -0 1.4803e-16)
(1.4803e-16 -1.88845e-17 -0 1.4803e-16 -0 1.4803e-16)
(1.4803e-16 -1.8884e-17 -0 1.4803e-16 -0 1.4803e-16)
(1.4803e-16 -2.1017e-17 -0 1.4803e-16 -0 1.4803e-16)
(1.4803e-16 -2.10233e-17 -0 1.4803e-16 -0 1.4803e-16)
(1.4803e-16 -2.10263e-17 -0 1.4803e-16 -0 1.4803e-16)
(1.4803e-16 -2.10256e-17 -0 1.4803e-16 -0 1.4803e-16)
(1.4803e-16 -2.31989e-17 -0 1.4803e-16 -0 1.4803e-16)
(1.4803e-16 -2.32074e-17 -0 1.4803e-16 -0 1.4803e-16)
(1.4803e-16 -2.32117e-17 -0 1.4803e-16 -0 1.4803e-16)
(1.4803e-16 -2.32109e-17 -0 1.4803e-16 -0 1.4803e-16)
(1.4803e-16 -2.54024e-17 -0 1.4803e-16 -0 1.4803e-16)
(1.4803e-16 -2.54136e-17 -0 1.4803e-16 -0 1.4803e-16)
(1.4803e-16 -2.54197e-17 -0 1.4803e-16 -0 1.4803e-16)
(1.4803e-16 -2.54187e-17 -0 1.4803e-16 -0 1.4803e-16)
(1.4803e-16 -2.76065e-17 -0 1.4803e-16 -0 1.4803e-16)
(1.4803e-16 -2.76207e-17 -0 1.4803e-16 -0 1.4803e-16)
(1.4803e-16 -2.76291e-17 -0 1.4803e-16 -0 1.4803e-16)
(1.4803e-16 -2.76282e-17 -0 1.4803e-16 -0 1.4803e-16)
(1.4803e-16 -2.9791e-17 -0 1.4803e-16 -0 1.4803e-16)
(1.4803e-16 -2.98087e-17 -0 1.4803e-16 -0 1.4803e-16)
(1.4803e-16 -2.98199e-17 -0 1.4803e-16 -0 1.4803e-16)
(1.4803e-16 -2.98192e-17 -0 1.4803e-16 -0 1.4803e-16)
(1.4803e-16 -3.19375e-17 -0 1.4803e-16 -0 1.4803e-16)
(1.4803e-16 -3.19589e-17 -0 1.4803e-16 -0 1.4803e-16)
(1.4803e-16 -3.19737e-17 -0 1.4803e-16 -0 1.4803e-16)
(1.4803e-16 -3.19735e-17 -0 1.4803e-16 -0 1.4803e-16)
(1.4803e-16 -3.40299e-17 -0 1.4803e-16 -0 1.4803e-16)
(1.4803e-16 -3.40549e-17 -0 1.4803e-16 -0 1.4803e-16)
(1.4803e-16 -3.4074e-17 -0 1.4803e-16 -0 1.4803e-16)
(1.4803e-16 -3.40749e-17 -0 1.4803e-16 -0 1.4803e-16)
(1.4803e-16 -3.60543e-17 -0 1.4803e-16 -0 1.4803e-16)
(1.4803e-16 -3.60829e-17 -0 1.4803e-16 -0 1.4803e-16)
(1.4803e-16 -3.6107e-17 -0 1.4803e-16 -0 1.4803e-16)
(1.4803e-16 -3.61093e-17 -0 1.4803e-16 -0 1.4803e-16)
(1.4803e-16 -3.79998e-17 -0 1.4803e-16 -0 1.4803e-16)
(1.4803e-16 -3.80314e-17 -0 1.4803e-16 -0 1.4803e-16)
(1.4803e-16 -3.80609e-17 -0 1.4803e-16 -0 1.4803e-16)
(1.4803e-16 -3.80657e-17 -0 1.4803e-16 -0 1.4803e-16)
(1.4803e-16 -3.98578e-17 -0 1.4803e-16 -0 1.4803e-16)
(1.4803e-16 -3.98918e-17 -0 1.4803e-16 -0 1.4803e-16)
(1.4803e-16 -3.9927e-17 -0 1.4803e-16 -0 1.4803e-16)
(1.4803e-16 -3.99353e-17 -0 1.4803e-16 -0 1.4803e-16)
(1.4803e-16 -4.16226e-17 -0 1.4803e-16 -0 1.4803e-16)
(1.4803e-16 -4.1658e-17 -0 1.4803e-16 -0 1.4803e-16)
(1.4803e-16 -4.16989e-17 -0 1.4803e-16 -0 1.4803e-16)
(1.4803e-16 -4.17123e-17 -0 1.4803e-16 -0 1.4803e-16)
(1.4803e-16 -4.32905e-17 -0 1.4803e-16 -0 1.4803e-16)
(1.4803e-16 -4.33262e-17 -0 1.4803e-16 -0 1.4803e-16)
(1.4803e-16 -4.33724e-17 -0 1.4803e-16 -0 1.4803e-16)
(1.4803e-16 -4.33928e-17 -0 1.4803e-16 -0 1.4803e-16)
(1.4803e-16 -4.486e-17 -0 1.4803e-16 -0 1.4803e-16)
(1.4803e-16 -4.48948e-17 -0 1.4803e-16 -0 1.4803e-16)
(1.4803e-16 -4.49458e-17 -0 1.4803e-16 -0 1.4803e-16)
(1.4803e-16 -4.49752e-17 -0 1.4803e-16 -0 1.4803e-16)
(1.4803e-16 -4.63312e-17 -0 1.4803e-16 -0 1.4803e-16)
(1.4803e-16 -4.63642e-17 -0 1.4803e-16 -0 1.4803e-16)
(1.4803e-16 -4.64191e-17 -0 1.4803e-16 -0 1.4803e-16)
(1.4803e-16 -4.64593e-17 -0 1.4803e-16 -0 1.4803e-16)
(1.4803e-16 -4.77054e-17 -0 1.4803e-16 -0 1.4803e-16)
(1.4803e-16 -4.77362e-17 -0 1.4803e-16 -0 1.4803e-16)
(1.4803e-16 -4.77938e-17 -0 1.4803e-16 -0 1.4803e-16)
(1.4803e-16 -4.78465e-17 -0 1.4803e-16 -0 1.4803e-16)
(1.4803e-16 -4.89854e-17 -0 1.4803e-16 -0 1.4803e-16)
(1.4803e-16 -4.90138e-17 -0 1.4803e-16 -0 1.4803e-16)
(1.4803e-16 -4.90726e-17 -0 1.4803e-16 -0 1.4803e-16)
(1.4803e-16 -4.91393e-17 -0 1.4803e-16 -0 1.4803e-16)
(1.4803e-16 -5.01746e-17 -0 1.4803e-16 -0 1.4803e-16)
(1.4803e-16 -5.0201e-17 -0 1.4803e-16 -0 1.4803e-16)
(1.4803e-16 -5.02594e-17 -0 1.4803e-16 -0 1.4803e-16)
(1.4803e-16 -5.0341e-17 -0 1.4803e-16 -0 1.4803e-16)
(1.4803e-16 -5.12772e-17 -0 1.4803e-16 -0 1.4803e-16)
(1.4803e-16 -5.13016e-17 -0 1.4803e-16 -0 1.4803e-16)
(1.4803e-16 -5.13588e-17 -0 1.4803e-16 -0 1.4803e-16)
(1.4803e-16 -5.14557e-17 -0 1.4803e-16 -0 1.4803e-16)
(1.4803e-16 -5.22978e-17 -0 1.4803e-16 -0 1.4803e-16)
(1.4803e-16 -5.23205e-17 -0 1.4803e-16 -0 1.4803e-16)
(1.4803e-16 -5.23764e-17 -0 1.4803e-16 -0 1.4803e-16)
(1.4803e-16 -5.2488e-17 -0 1.4803e-16 -0 1.4803e-16)
(1.4803e-16 -5.32416e-17 -0 1.4803e-16 -0 1.4803e-16)
(1.4803e-16 -5.32628e-17 -0 1.4803e-16 -0 1.4803e-16)
(1.4803e-16 -5.33182e-17 -0 1.4803e-16 -0 1.4803e-16)
(1.4803e-16 -5.34426e-17 -0 1.4803e-16 -0 1.4803e-16)
(1.4803e-16 -5.4114e-17 -0 1.4803e-16 -0 1.4803e-16)
(1.4803e-16 -5.41341e-17 -0 1.4803e-16 -0 1.4803e-16)
(1.4803e-16 -5.41894e-17 -0 1.4803e-16 -0 1.4803e-16)
(1.4803e-16 -5.43255e-17 -0 1.4803e-16 -0 1.4803e-16)
(1.4803e-16 -5.49209e-17 -0 1.4803e-16 -0 1.4803e-16)
(1.4803e-16 -5.49401e-17 -0 1.4803e-16 -0 1.4803e-16)
(1.4803e-16 -5.49956e-17 -0 1.4803e-16 -0 1.4803e-16)
(1.4803e-16 -5.51426e-17 -0 1.4803e-16 -0 1.4803e-16)
(1.4803e-16 -5.56687e-17 -0 1.4803e-16 -0 1.4803e-16)
(1.4803e-16 -5.56873e-17 -0 1.4803e-16 -0 1.4803e-16)
(1.4803e-16 -5.57433e-17 -0 1.4803e-16 -0 1.4803e-16)
(1.4803e-16 -5.59005e-17 -0 1.4803e-16 -0 1.4803e-16)
(1.4803e-16 -5.63646e-17 -0 1.4803e-16 -0 1.4803e-16)
(1.4803e-16 -5.63828e-17 -0 1.4803e-16 -0 1.4803e-16)
(1.4803e-16 -5.64395e-17 -0 1.4803e-16 -0 1.4803e-16)
(1.4803e-16 -5.66065e-17 -0 1.4803e-16 -0 1.4803e-16)
(1.4803e-16 -5.7016e-17 -0 1.4803e-16 -0 1.4803e-16)
(1.4803e-16 -5.70341e-17 -0 1.4803e-16 -0 1.4803e-16)
(1.4803e-16 -5.70918e-17 -0 1.4803e-16 -0 1.4803e-16)
(1.4803e-16 -5.72684e-17 -0 1.4803e-16 -0 1.4803e-16)
(1.4803e-16 -5.7631e-17 -0 1.4803e-16 -0 1.4803e-16)
(1.4803e-16 -5.76494e-17 -0 1.4803e-16 -0 1.4803e-16)
(1.4803e-16 -5.77083e-17 -0 1.4803e-16 -0 1.4803e-16)
(1.4803e-16 -5.78942e-17 -0 1.4803e-16 -0 1.4803e-16)
(1.4803e-16 -5.82171e-17 -0 1.4803e-16 -0 1.4803e-16)
(1.4803e-16 -5.82361e-17 -0 1.4803e-16 -0 1.4803e-16)
(1.4803e-16 -5.82962e-17 -0 1.4803e-16 -0 1.4803e-16)
(1.4803e-16 -5.84916e-17 -0 1.4803e-16 -0 1.4803e-16)
(1.4803e-16 -5.87809e-17 -0 1.4803e-16 -0 1.4803e-16)
(1.4803e-16 -5.88007e-17 -0 1.4803e-16 -0 1.4803e-16)
(1.4803e-16 -5.88619e-17 -0 1.4803e-16 -0 1.4803e-16)
(1.4803e-16 -5.90673e-17 -0 1.4803e-16 -0 1.4803e-16)
(1.4803e-16 -5.93278e-17 -0 1.4803e-16 -0 1.4803e-16)
(1.4803e-16 -5.93488e-17 -0 1.4803e-16 -0 1.4803e-16)
(1.4803e-16 -5.94106e-17 -0 1.4803e-16 -0 1.4803e-16)
(1.4803e-16 -5.96266e-17 -0 1.4803e-16 -0 1.4803e-16)
(1.4803e-16 -5.98629e-17 -0 1.4803e-16 -0 1.4803e-16)
(1.4803e-16 -5.98854e-17 -0 1.4803e-16 -0 1.4803e-16)
(1.4803e-16 -5.99471e-17 -0 1.4803e-16 -0 1.4803e-16)
(1.4803e-16 -6.01746e-17 -0 1.4803e-16 -0 1.4803e-16)
(1.4803e-16 -6.03917e-17 -0 1.4803e-16 -0 1.4803e-16)
(1.4803e-16 -6.04161e-17 -0 1.4803e-16 -0 1.4803e-16)
(1.4803e-16 -6.04771e-17 -0 1.4803e-16 -0 1.4803e-16)
(1.4803e-16 -6.07171e-17 -0 1.4803e-16 -0 1.4803e-16)
(1.4803e-16 -6.09207e-17 -0 1.4803e-16 -0 1.4803e-16)
(1.4803e-16 -6.09472e-17 -0 1.4803e-16 -0 1.4803e-16)
(1.4803e-16 -6.10069e-17 -0 1.4803e-16 -0 1.4803e-16)
(1.4803e-16 -6.12603e-17 -0 1.4803e-16 -0 1.4803e-16)
(1.4803e-16 -6.14559e-17 -0 1.4803e-16 -0 1.4803e-16)
(1.4803e-16 -6.14841e-17 -0 1.4803e-16 -0 1.4803e-16)
(1.4803e-16 -6.15429e-17 -0 1.4803e-16 -0 1.4803e-16)
(1.4803e-16 -6.18106e-17 -0 1.4803e-16 -0 1.4803e-16)
(1.4803e-16 -6.20008e-17 -0 1.4803e-16 -0 1.4803e-16)
(1.4803e-16 -6.20297e-17 -0 1.4803e-16 -0 1.4803e-16)
(1.4803e-16 -6.20886e-17 -0 1.4803e-16 -0 1.4803e-16)
(1.4803e-16 -6.23714e-17 -0 1.4803e-16 -0 1.4803e-16)
(1.4803e-16 -6.25529e-17 -0 1.4803e-16 -0 1.4803e-16)
(1.4803e-16 -6.25825e-17 -0 1.4803e-16 -0 1.4803e-16)
(1.4803e-16 -6.26417e-17 -0 1.4803e-16 -0 1.4803e-16)
(1.4803e-16 -6.29406e-17 -0 1.4803e-16 -0 1.4803e-16)
(1.4803e-16 -6.31024e-17 -0 1.4803e-16 -0 1.4803e-16)
(1.4803e-16 -6.31343e-17 -0 1.4803e-16 -0 1.4803e-16)
(1.4803e-16 -6.31932e-17 -0 1.4803e-16 -0 1.4803e-16)
(1.4803e-16 -6.35101e-17 -0 1.4803e-16 -0 1.4803e-16)
(1.4803e-16 -6.3634e-17 -0 1.4803e-16 -0 1.4803e-16)
(1.4803e-16 -6.36736e-17 -0 1.4803e-16 -0 1.4803e-16)
(1.4803e-16 -6.3731e-17 -0 1.4803e-16 -0 1.4803e-16)
(1.4803e-16 -6.4068e-17 -0 1.4803e-16 -0 1.4803e-16)
(1.4803e-16 -6.41281e-17 -0 1.4803e-16 -0 1.4803e-16)
(1.4803e-16 -6.41908e-17 -0 1.4803e-16 -0 1.4803e-16)
(1.4803e-16 -6.42439e-17 -0 1.4803e-16 -0 1.4803e-16)
(1.4803e-16 -6.46017e-17 -0 1.4803e-16 -0 1.4803e-16)
(1.4803e-16 -6.46123e-17 -0 1.4803e-16 -0 1.4803e-16)
(1.4803e-16 -6.46634e-17 -0 1.4803e-16 -0 1.4803e-16)
(1.4803e-16 -6.47238e-17 -0 1.4803e-16 -0 1.4803e-16)
(1.4803e-16 -6.50998e-17 -0 1.4803e-16 -0 1.4803e-16)
(1.4803e-16 -6.50714e-17 -0 1.4803e-16 -0 1.4803e-16)
(1.4803e-16 -6.50903e-17 -0 1.4803e-16 -0 1.4803e-16)
(1.4803e-16 -6.51647e-17 -0 1.4803e-16 -0 1.4803e-16)
(1.4803e-16 -6.55539e-17 -0 1.4803e-16 -0 1.4803e-16)
(1.4803e-16 -6.54636e-17 -0 1.4803e-16 -0 1.4803e-16)
(1.4803e-16 -6.54794e-17 -0 1.4803e-16 -0 1.4803e-16)
(1.4803e-16 -6.55601e-17 -0 1.4803e-16 -0 1.4803e-16)
(1.4803e-16 -6.59589e-17 -0 1.4803e-16 -0 1.4803e-16)
(1.4803e-16 -6.58072e-17 -0 1.4803e-16 -0 1.4803e-16)
(1.4803e-16 -6.58169e-17 -0 1.4803e-16 -0 1.4803e-16)
(1.4803e-16 -6.59094e-17 -0 1.4803e-16 -0 1.4803e-16)
(1.4803e-16 -6.63116e-17 -0 1.4803e-16 -0 1.4803e-16)
(1.4803e-16 -6.60991e-17 -0 1.4803e-16 -0 1.4803e-16)
(1.4803e-16 -6.6093e-17 -0 1.4803e-16 -0 1.4803e-16)
(1.4803e-16 -6.62129e-17 -0 1.4803e-16 -0 1.4803e-16)
(1.48102e-16 -6.66425e-17 -0 1.48102e-16 -0 1.48102e-16)
(1.48057e-16 -6.63458e-17 -0 1.48057e-16 -0 1.48057e-16)
(1.4803e-16 -6.6311e-17 -0 1.4803e-16 -0 1.4803e-16)
(1.4803e-16 -6.64599e-17 -0 1.4803e-16 -0 1.4803e-16)
(1.48197e-16 -6.6932e-17 -0 1.48197e-16 -0 1.48197e-16)
(1.48132e-16 -6.65551e-17 -0 1.48132e-16 -0 1.48132e-16)
(1.4803e-16 -6.64898e-17 -0 1.4803e-16 -0 1.4803e-16)
(1.48041e-16 -6.66502e-17 -0 1.48041e-16 -0 1.48041e-16)
(1.48288e-16 -6.71667e-17 -0 1.48288e-16 -0 1.48288e-16)
(1.48201e-16 -6.67023e-17 -0 1.48201e-16 -0 1.48201e-16)
(1.4805e-16 -6.66248e-17 -0 1.4805e-16 -0 1.4805e-16)
(1.48074e-16 -6.67932e-17 -0 1.48074e-16 -0 1.48074e-16)
(1.48362e-16 -6.73406e-17 -0 1.48362e-16 -0 1.48362e-16)
(1.48248e-16 -6.67927e-17 -0 1.48248e-16 -0 1.48248e-16)
(1.48073e-16 -6.67046e-17 -0 1.48073e-16 -0 1.48073e-16)
(1.48099e-16 -6.68791e-17 -0 1.48099e-16 -0 1.48099e-16)
(1.4841e-16 -6.74486e-17 -0 1.4841e-16 -0 1.4841e-16)
(1.48264e-16 -6.68058e-17 -0 1.48264e-16 -0 1.48264e-16)
(1.48081e-16 -6.6729e-17 -0 1.48081e-16 -0 1.48081e-16)
(1.48107e-16 -6.69046e-17 -0 1.48107e-16 -0 1.48107e-16)
(1.48426e-16 -6.74859e-17 -0 1.48426e-16 -0 1.48426e-16)
(1.48246e-16 -6.67583e-17 -0 1.48246e-16 -0 1.48246e-16)
(1.48071e-16 -6.66898e-17 -0 1.48071e-16 -0 1.48071e-16)
(1.48096e-16 -6.68671e-17 -0 1.48096e-16 -0 1.48096e-16)
(1.48409e-16 -6.7454e-17 -0 1.48409e-16 -0 1.48409e-16)
(1.48198e-16 -6.66471e-17 -0 1.48198e-16 -0 1.48198e-16)
(1.48047e-16 -6.65893e-17 -0 1.48047e-16 -0 1.48047e-16)
(1.4807e-16 -6.67684e-17 -0 1.4807e-16 -0 1.4807e-16)
(1.4836e-16 -6.73521e-17 -0 1.4836e-16 -0 1.4836e-16)
(1.48127e-16 -6.64721e-17 -0 1.48127e-16 -0 1.48127e-16)
(1.4803e-16 -6.64382e-17 -0 1.4803e-16 -0 1.4803e-16)
(1.48036e-16 -6.66113e-17 -0 1.48036e-16 -0 1.48036e-16)
(1.48285e-16 -6.71811e-17 -0 1.48285e-16 -0 1.48285e-16)
(1.48049e-16 -6.62389e-17 -0 1.48049e-16 -0 1.48049e-16)
(1.4803e-16 -6.62404e-17 -0 1.4803e-16 -0 1.4803e-16)
(1.4803e-16 -6.64104e-17 -0 1.4803e-16 -0 1.4803e-16)
(1.48194e-16 -6.69436e-17 -0 1.48194e-16 -0 1.48194e-16)
(1.4803e-16 -6.59781e-17 -0 1.4803e-16 -0 1.4803e-16)
(1.4803e-16 -6.59883e-17 -0 1.4803e-16 -0 1.4803e-16)
(1.4803e-16 -6.61513e-17 -0 1.4803e-16 -0 1.4803e-16)
(1.48098e-16 -6.66425e-17 -0 1.48098e-16 -0 1.48098e-16)
(1.4803e-16 -6.56651e-17 -0 1.4803e-16 -0 1.4803e-16)
(1.4803e-16 -6.56851e-17 -0 1.4803e-16 -0 1.4803e-16)
(1.4803e-16 -6.58234e-17 -0 1.4803e-16 -0 1.4803e-16)
(1.4803e-16 -6.62894e-17 -0 1.4803e-16 -0 1.4803e-16)
(1.4803e-16 -6.52682e-17 -0 1.4803e-16 -0 1.4803e-16)
(1.4803e-16 -6.53535e-17 -0 1.4803e-16 -0 1.4803e-16)
(1.4803e-16 -6.54132e-17 -0 1.4803e-16 -0 1.4803e-16)
(1.4803e-16 -6.58982e-17 -0 1.4803e-16 -0 1.4803e-16)
(1.4803e-16 -6.48135e-17 -0 1.4803e-16 -0 1.4803e-16)
(1.4803e-16 -6.48739e-17 -0 1.4803e-16 -0 1.4803e-16)
(1.4803e-16 -6.4957e-17 -0 1.4803e-16 -0 1.4803e-16)
(1.4803e-16 -6.54362e-17 -0 1.4803e-16 -0 1.4803e-16)
(1.4803e-16 -6.42921e-17 -0 1.4803e-16 -0 1.4803e-16)
(1.4803e-16 -6.4272e-17 -0 1.4803e-16 -0 1.4803e-16)
(1.4803e-16 -6.4437e-17 -0 1.4803e-16 -0 1.4803e-16)
(1.4803e-16 -6.48991e-17 -0 1.4803e-16 -0 1.4803e-16)
(1.4803e-16 -6.36704e-17 -0 1.4803e-16 -0 1.4803e-16)
(1.4803e-16 -6.36729e-17 -0 1.4803e-16 -0 1.4803e-16)
(1.4803e-16 -6.38092e-17 -0 1.4803e-16 -0 1.4803e-16)
(1.4803e-16 -6.42782e-17 -0 1.4803e-16 -0 1.4803e-16)
(1.4803e-16 -6.29449e-17 -0 1.4803e-16 -0 1.4803e-16)
(1.4803e-16 -6.30426e-17 -0 1.4803e-16 -0 1.4803e-16)
(1.4803e-16 -6.30782e-17 -0 1.4803e-16 -0 1.4803e-16)
(1.4803e-16 -6.35696e-17 -0 1.4803e-16 -0 1.4803e-16)
(1.4803e-16 -6.21141e-17 -0 1.4803e-16 -0 1.4803e-16)
(1.4803e-16 -6.22557e-17 -0 1.4803e-16 -0 1.4803e-16)
(1.4803e-16 -6.2274e-17 -0 1.4803e-16 -0 1.4803e-16)
(1.4803e-16 -6.27688e-17 -0 1.4803e-16 -0 1.4803e-16)
(1.4803e-16 -6.11999e-17 -0 1.4803e-16 -0 1.4803e-16)
(1.4803e-16 -6.13596e-17 -0 1.4803e-16 -0 1.4803e-16)
(1.4803e-16 -6.13682e-17 -0 1.4803e-16 -0 1.4803e-16)
(1.4803e-16 -6.18679e-17 -0 1.4803e-16 -0 1.4803e-16)
(1.4803e-16 -6.01884e-17 -0 1.4803e-16 -0 1.4803e-16)
(1.4803e-16 -6.03532e-17 -0 1.4803e-16 -0 1.4803e-16)
(1.4803e-16 -6.03538e-17 -0 1.4803e-16 -0 1.4803e-16)
(1.4803e-16 -6.08592e-17 -0 1.4803e-16 -0 1.4803e-16)
(1.4803e-16 -5.90673e-17 -0 1.4803e-16 -0 1.4803e-16)
(1.4803e-16 -5.92324e-17 -0 1.4803e-16 -0 1.4803e-16)
(1.4803e-16 -5.92256e-17 -0 1.4803e-16 -0 1.4803e-16)
(1.4803e-16 -5.97348e-17 -0 1.4803e-16 -0 1.4803e-16)
(1.4803e-16 -5.78252e-17 -0 1.4803e-16 -0 1.4803e-16)
(1.4803e-16 -5.79909e-17 -0 1.4803e-16 -0 1.4803e-16)
(1.4803e-16 -5.79799e-17 -0 1.4803e-16 -0 1.4803e-16)
(1.4803e-16 -5.84856e-17 -0 1.4803e-16 -0 1.4803e-16)
(1.4803e-16 -5.64518e-17 -0 1.4803e-16 -0 1.4803e-16)
(1.4803e-16 -5.66202e-17 -0 1.4803e-16 -0 1.4803e-16)
(1.4803e-16 -5.66087e-17 -0 1.4803e-16 -0 1.4803e-16)
(1.4803e-16 -5.7103e-17 -0 1.4803e-16 -0 1.4803e-16)
(1.4803e-16 -5.49372e-17 -0 1.4803e-16 -0 1.4803e-16)
(1.4803e-16 -5.51082e-17 -0 1.4803e-16 -0 1.4803e-16)
(1.4803e-16 -5.51009e-17 -0 1.4803e-16 -0 1.4803e-16)
(1.4803e-16 -5.55758e-17 -0 1.4803e-16 -0 1.4803e-16)
(1.4803e-16 -5.32695e-17 -0 1.4803e-16 -0 1.4803e-16)
(1.4803e-16 -5.34392e-17 -0 1.4803e-16 -0 1.4803e-16)
(1.4803e-16 -5.34368e-17 -0 1.4803e-16 -0 1.4803e-16)
(1.4803e-16 -5.38965e-17 -0 1.4803e-16 -0 1.4803e-16)
(1.4803e-16 -5.14369e-17 -0 1.4803e-16 -0 1.4803e-16)
(1.4803e-16 -5.16051e-17 -0 1.4803e-16 -0 1.4803e-16)
(1.4803e-16 -5.16091e-17 -0 1.4803e-16 -0 1.4803e-16)
(1.4803e-16 -5.20496e-17 -0 1.4803e-16 -0 1.4803e-16)
(1.4803e-16 -4.94282e-17 -0 1.4803e-16 -0 1.4803e-16)
(1.4803e-16 -4.95936e-17 -0 1.4803e-16 -0 1.4803e-16)
(1.4803e-16 -4.9602e-17 -0 1.4803e-16 -0 1.4803e-16)
(1.4803e-16 -5.00233e-17 -0 1.4803e-16 -0 1.4803e-16)
(1.4803e-16 -4.72316e-17 -0 1.4803e-16 -0 1.4803e-16)
(1.4803e-16 -4.73915e-17 -0 1.4803e-16 -0 1.4803e-16)
(1.4803e-16 -4.74017e-17 -0 1.4803e-16 -0 1.4803e-16)
(1.4803e-16 -4.78049e-17 -0 1.4803e-16 -0 1.4803e-16)
(1.4803e-16 -4.48341e-17 -0 1.4803e-16 -0 1.4803e-16)
(1.4803e-16 -4.4985e-17 -0 1.4803e-16 -0 1.4803e-16)
(1.4803e-16 -4.49955e-17 -0 1.4803e-16 -0 1.4803e-16)
(1.4803e-16 -4.53813e-17 -0 1.4803e-16 -0 1.4803e-16)
(1.4803e-16 -4.22228e-17 -0 1.4803e-16 -0 1.4803e-16)
(1.4803e-16 -4.23598e-17 -0 1.4803e-16 -0 1.4803e-16)
(1.4803e-16 -4.23711e-17 -0 1.4803e-16 -0 1.4803e-16)
(1.4803e-16 -4.27399e-17 -0 1.4803e-16 -0 1.4803e-16)
(1.4803e-16 -3.93838e-17 -0 1.4803e-16 -0 1.4803e-16)
(1.4803e-16 -3.95004e-17 -0 1.4803e-16 -0 1.4803e-16)
(1.4803e-16 -3.95169e-17 -0 1.4803e-16 -0 1.4803e-16)
(1.4803e-16 -3.98693e-17 -0 1.4803e-16 -0 1.4803e-16)
(1.4803e-16 -3.63024e-17 -0 1.4803e-16 -0 1.4803e-16)
(1.4803e-16 -3.63886e-17 -0 1.4803e-16 -0 1.4803e-16)
(1.4803e-16 -3.64225e-17 -0 1.4803e-16 -0 1.4803e-16)
(1.4803e-16 -3.67605e-17 -0 1.4803e-16 -0 1.4803e-16)
(1.4803e-16 -3.29599e-17 -0 1.4803e-16 -0 1.4803e-16)
(1.4803e-16 -3.29995e-17 -0 1.4803e-16 -0 1.4803e-16)
(1.4803e-16 -3.30752e-17 -0 1.4803e-16 -0 1.4803e-16)
(1.4803e-16 -3.34079e-17 -0 1.4803e-16 -0 1.4803e-16)
(1.4803e-16 -2.93255e-17 -0 1.4803e-16 -0 1.4803e-16)
(1.4803e-16 -2.94761e-17 -0 1.4803e-16 -0 1.4803e-16)
(1.4803e-16 -2.94095e-17 -0 1.4803e-16 -0 1.4803e-16)
(1.4803e-16 -2.98006e-17 -0 1.4803e-16 -0 1.4803e-16)
(1.4803e-16 -2.54871e-17 -0 1.4803e-16 -0 1.4803e-16)
(1.4803e-16 -2.56128e-17 -0 1.4803e-16 -0 1.4803e-16)
(1.4803e-16 -2.55572e-17 -0 1.4803e-16 -0 1.4803e-16)
(1.4803e-16 -2.59001e-17 -0 1.4803e-16 -0 1.4803e-16)
(1.4803e-16 -2.13882e-17 -0 1.4803e-16 -0 1.4803e-16)
(1.4803e-16 -2.14816e-17 -0 1.4803e-16 -0 1.4803e-16)
(1.4803e-16 -2.14458e-17 -0 1.4803e-16 -0 1.4803e-16)
(1.4803e-16 -2.17281e-17 -0 1.4803e-16 -0 1.4803e-16)
(1.4803e-16 -1.7037e-17 -0 1.4803e-16 -0 1.4803e-16)
(1.4803e-16 -1.70846e-17 -0 1.4803e-16 -0 1.4803e-16)
(1.4803e-16 -1.70924e-17 -0 1.4803e-16 -0 1.4803e-16)
(1.4803e-16 -1.72888e-17 -0 1.4803e-16 -0 1.4803e-16)
(1.4803e-16 -1.24516e-17 -0 1.4803e-16 -0 1.4803e-16)
(1.4803e-16 -1.24291e-17 -0 1.4803e-16 -0 1.4803e-16)
(1.4803e-16 -1.25066e-17 -0 1.4803e-16 -0 1.4803e-16)
(1.4803e-16 -1.25983e-17 -0 1.4803e-16 -0 1.4803e-16)
(1.4803e-16 -7.60188e-18 -0 1.4803e-16 -0 1.4803e-16)
(1.4803e-16 -7.59088e-18 -0 1.4803e-16 -0 1.4803e-16)
(1.4803e-16 -7.64444e-18 -0 1.4803e-16 -0 1.4803e-16)
(1.4803e-16 -7.6945e-18 -0 1.4803e-16 -0 1.4803e-16)
(1.4803e-16 -2.5639e-18 -0 1.4803e-16 -0 1.4803e-16)
(1.4803e-16 -2.56298e-18 -0 1.4803e-16 -0 1.4803e-16)
(1.4803e-16 -2.58078e-18 -0 1.4803e-16 -0 1.4803e-16)
(1.4803e-16 -2.59885e-18 -0 1.4803e-16 -0 1.4803e-16)
)
;

boundaryField
{
    inlet
    {
        type            cyclic;
    }
    outlet
    {
        type            cyclic;
    }
    fixedWalls-bottom
    {
        type            kqRWallFunction;
        value           uniform (1.4803e-16 -0 -0 1.4803e-16 -0 1.4803e-16);
    }
    fixedWalls-top
    {
        type            symmetry;
    }
    frontAndBack
    {
        type            empty;
    }
}


// ************************************************************************* //
