/*--------------------------------*- C++ -*----------------------------------*\
  =========                 |
  \\      /  F ield         | OpenFOAM: The Open Source CFD Toolbox
   \\    /   O peration     | Website:  https://openfoam.org
    \\  /    A nd           | Version:  10
     \\/     M anipulation  |
\*---------------------------------------------------------------------------*/
FoamFile
{
    format      ascii;
    class       volScalarField;
    location    "2500";
    object      p;
}
// * * * * * * * * * * * * * * * * * * * * * * * * * * * * * * * * * * * * * //

dimensions      [0 2 -2 0 0 0 0];

internalField   nonuniform List<scalar> 
400
(
2.03946e-10
5.90185e-07
-1.88083e-08
-6.05438e-07
1.19414e-09
5.89726e-07
-1.88731e-08
-6.04978e-07
1.45633e-09
5.8922e-07
-1.896e-08
-6.04472e-07
1.4716e-09
5.88784e-07
-1.90505e-08
-6.04035e-07
1.45947e-09
5.8841e-07
-1.91452e-08
-6.03663e-07
1.46255e-09
5.88092e-07
-1.9246e-08
-6.03345e-07
1.51452e-09
5.87827e-07
-1.93562e-08
-6.03081e-07
1.58463e-09
5.8762e-07
-1.94778e-08
-6.02874e-07
1.68718e-09
5.87471e-07
-1.96143e-08
-6.02725e-07
1.79782e-09
5.87383e-07
-1.97682e-08
-6.02638e-07
1.93805e-09
5.87356e-07
-1.99438e-08
-6.02613e-07
2.09188e-09
5.87393e-07
-2.0144e-08
-6.02651e-07
2.2828e-09
5.87493e-07
-2.03735e-08
-6.02752e-07
2.49752e-09
5.87657e-07
-2.0636e-08
-6.02918e-07
2.75835e-09
5.87882e-07
-2.09362e-08
-6.03145e-07
3.05288e-09
5.88168e-07
-2.12778e-08
-6.03433e-07
3.40125e-09
5.8851e-07
-2.16649e-08
-6.03777e-07
3.79073e-09
5.88904e-07
-2.21001e-08
-6.04173e-07
4.23843e-09
5.89343e-07
-2.25856e-08
-6.04615e-07
4.72934e-09
5.8982e-07
-2.31208e-08
-6.05095e-07
5.27512e-09
5.90325e-07
-2.37032e-08
-6.05603e-07
5.8553e-09
5.90848e-07
-2.4326e-08
-6.06129e-07
6.47276e-09
5.91375e-07
-2.49789e-08
-6.06661e-07
7.0977e-09
5.91896e-07
-2.56448e-08
-6.07186e-07
7.72308e-09
5.92396e-07
-2.63041e-08
-6.0769e-07
8.31058e-09
5.92861e-07
-2.69307e-08
-6.08161e-07
8.84418e-09
5.93276e-07
-2.74968e-08
-6.08581e-07
9.27751e-09
5.93624e-07
-2.79673e-08
-6.08936e-07
9.59269e-09
5.9388e-07
-2.83132e-08
-6.09198e-07
9.74736e-09
5.94022e-07
-2.85032e-08
-6.09347e-07
9.72605e-09
5.94014e-07
-2.85108e-08
-6.09346e-07
9.45042e-09
5.93836e-07
-2.82684e-08
-6.09176e-07
8.84313e-09
5.93458e-07
-2.76882e-08
-6.08806e-07
8.05279e-09
5.92767e-07
-2.69289e-08
-6.08124e-07
8.27254e-09
5.91292e-07
-2.71738e-08
-6.06659e-07
9.69443e-09
5.88955e-07
-2.86243e-08
-6.04331e-07
1.13502e-08
5.8609e-07
-3.03028e-08
-6.01476e-07
1.30104e-08
5.82749e-07
-3.1989e-08
-5.98147e-07
1.4753e-08
5.78871e-07
-3.3752e-08
-5.94281e-07
1.65988e-08
5.74414e-07
-3.56212e-08
-5.89835e-07
1.85774e-08
5.69341e-07
-3.76178e-08
-5.84775e-07
2.06373e-08
5.63648e-07
-3.96983e-08
-5.79095e-07
2.27532e-08
5.57336e-07
-4.18297e-08
-5.72797e-07
2.48621e-08
5.50417e-07
-4.39566e-08
-5.65894e-07
2.69951e-08
5.42877e-07
-4.61026e-08
-5.58369e-07
2.91903e-08
5.3469e-07
-4.83131e-08
-5.50197e-07
3.15361e-08
5.25826e-07
-5.06694e-08
-5.4135e-07
3.4048e-08
5.1626e-07
-5.31939e-08
-5.31801e-07
3.67607e-08
5.05962e-07
-5.59144e-08
-5.21522e-07
3.96907e-08
4.94859e-07
-5.88542e-08
-5.10437e-07
4.29115e-08
4.82848e-07
-6.20803e-08
-4.98445e-07
4.65079e-08
4.69791e-07
-6.56839e-08
-4.85408e-07
5.06639e-08
4.5561e-07
-6.98427e-08
-4.71248e-07
5.55844e-08
4.40241e-07
-7.47677e-08
-4.55899e-07
6.06147e-08
4.23892e-07
-7.97984e-08
-4.39572e-07
6.27521e-08
4.07251e-07
-8.19376e-08
-4.22954e-07
6.20039e-08
3.90337e-07
-8.11874e-08
-4.06062e-07
6.13601e-08
3.72396e-07
-8.05427e-08
-3.88145e-07
6.13175e-08
3.53256e-07
-8.04954e-08
-3.69027e-07
6.17503e-08
3.32935e-07
-8.09242e-08
-3.4873e-07
6.25914e-08
3.11582e-07
-8.17573e-08
-3.27401e-07
6.38802e-08
2.89313e-07
-8.30386e-08
-3.05157e-07
6.5533e-08
2.6634e-07
-8.46799e-08
-2.82209e-07
6.73441e-08
2.42641e-07
-8.64801e-08
-2.58535e-07
6.91473e-08
2.18117e-07
-8.82687e-08
-2.34036e-07
7.09361e-08
1.92886e-07
-9.00437e-08
-2.08832e-07
7.28149e-08
1.67225e-07
-9.19058e-08
-1.83197e-07
7.50449e-08
1.41138e-07
-9.41203e-08
-1.57138e-07
7.78935e-08
1.14518e-07
-9.69503e-08
-1.30545e-07
8.12392e-08
8.72582e-08
-1.00278e-07
-1.03314e-07
8.49469e-08
5.94712e-08
-1.03964e-07
-7.5555e-08
8.88962e-08
3.13087e-08
-1.07891e-07
-4.74203e-08
9.31414e-08
3.01765e-09
-1.12109e-07
-1.91568e-08
9.79634e-08
-2.54947e-08
-1.16904e-07
9.32859e-09
1.03626e-07
-5.44763e-08
-1.22535e-07
3.82835e-08
1.10192e-07
-8.40832e-08
-1.29072e-07
6.78639e-08
1.17909e-07
-1.14464e-07
-1.36759e-07
9.82173e-08
1.25726e-07
-1.45555e-07
-1.44548e-07
1.29281e-07
1.31018e-07
-1.7671e-07
-1.49813e-07
1.60407e-07
1.33029e-07
-2.07815e-07
-1.51801e-07
1.91483e-07
1.3342e-07
-2.39364e-07
-1.5217e-07
2.23003e-07
1.32943e-07
-2.71681e-07
-1.51672e-07
2.5529e-07
1.31456e-07
-3.03808e-07
-1.50165e-07
2.87387e-07
1.28191e-07
-3.33563e-07
-1.46882e-07
3.17112e-07
1.23438e-07
-3.60492e-07
-1.42109e-07
3.44013e-07
1.17635e-07
-3.85632e-07
-1.36289e-07
3.69124e-07
1.10747e-07
-4.09264e-07
-1.29384e-07
3.9273e-07
1.02607e-07
-4.31198e-07
-1.21227e-07
4.14639e-07
9.32344e-08
-4.51245e-07
-1.11839e-07
4.34662e-07
8.26751e-08
-4.69132e-07
-1.01265e-07
4.52529e-07
7.11745e-08
-4.84542e-07
-8.97508e-08
4.67921e-07
5.90489e-08
-4.97405e-07
-7.76123e-08
4.80767e-07
4.69673e-08
-5.07875e-07
-6.55184e-08
4.91223e-07
3.62392e-08
-5.16537e-07
-5.47796e-08
4.9987e-07
2.88723e-08
-5.24288e-07
-4.74039e-08
5.0761e-07
2.39743e-08
-5.31076e-07
-4.24997e-08
5.14387e-07
1.94921e-08
-5.36107e-07
-3.80131e-08
5.1941e-07
1.54005e-08
-5.3894e-07
-3.39194e-08
5.22237e-07
1.21109e-08
-5.39621e-07
-3.06306e-08
5.22913e-07
9.8626e-09
-5.39504e-07
-2.83892e-08
5.22795e-07
)
;

boundaryField
{
    inlet
    {
        type            cyclic;
    }
    outlet
    {
        type            cyclic;
    }
    fixedWalls-bottom
    {
        type            zeroGradient;
    }
    fixedWalls-top
    {
        type            symmetry;
    }
    frontAndBack
    {
        type            empty;
    }
}


// ************************************************************************* //
