/*--------------------------------*- C++ -*----------------------------------*\
  =========                 |
  \\      /  F ield         | OpenFOAM: The Open Source CFD Toolbox
   \\    /   O peration     | Website:  https://openfoam.org
    \\  /    A nd           | Version:  10
     \\/     M anipulation  |
\*---------------------------------------------------------------------------*/
FoamFile
{
    format      ascii;
    class       volVectorField;
    location    "3416";
    object      U;
}
// * * * * * * * * * * * * * * * * * * * * * * * * * * * * * * * * * * * * * //

dimensions      [0 1 -1 0 0 0 0];

internalField   nonuniform List<vector> 
400
(
(0.00792556 -2.62919e-10 0)
(0.00792575 -4.45891e-11 0)
(0.00792562 2.69794e-10 0)
(0.00792549 4.45868e-11 0)
(0.0238148 -2.72371e-09 0)
(0.0238154 -6.60804e-10 0)
(0.023815 2.73831e-09 0)
(0.0238147 6.60795e-10 0)
(0.0398525 -7.23031e-09 0)
(0.0398534 -1.92636e-09 0)
(0.0398528 7.24454e-09 0)
(0.0398523 1.92634e-09 0)
(0.0560385 -1.35568e-08 0)
(0.0560396 -3.88327e-09 0)
(0.0560389 1.35701e-08 0)
(0.0560382 3.88324e-09 0)
(0.0723726 -2.13011e-08 0)
(0.072374 -6.53005e-09 0)
(0.0723732 2.13141e-08 0)
(0.0723724 6.53001e-09 0)
(0.0888546 -3.00854e-08 0)
(0.0888563 -9.87083e-09 0)
(0.0888554 3.00983e-08 0)
(0.0888545 9.87078e-09 0)
(0.105484 -3.95305e-08 0)
(0.105486 -1.39104e-08 0)
(0.105485 3.95432e-08 0)
(0.105484 1.39103e-08 0)
(0.122261 -4.92346e-08 0)
(0.122262 -1.86496e-08 0)
(0.122262 4.92471e-08 0)
(0.122261 1.86495e-08 0)
(0.139183 -5.87711e-08 0)
(0.139185 -2.40863e-08 0)
(0.139184 5.87835e-08 0)
(0.139183 2.40863e-08 0)
(0.156249 -6.76933e-08 0)
(0.156251 -3.02188e-08 0)
(0.15625 6.77056e-08 0)
(0.15625 3.02187e-08 0)
(0.173458 -7.55387e-08 0)
(0.17346 -3.70496e-08 0)
(0.173459 7.55508e-08 0)
(0.173459 3.70495e-08 0)
(0.190806 -8.18352e-08 0)
(0.190808 -4.45912e-08 0)
(0.190807 8.18471e-08 0)
(0.190807 4.45911e-08 0)
(0.208289 -8.611e-08 0)
(0.208291 -5.28703e-08 0)
(0.20829 8.61217e-08 0)
(0.20829 5.28703e-08 0)
(0.225902 -8.79029e-08 0)
(0.225904 -6.19316e-08 0)
(0.225903 8.79145e-08 0)
(0.225904 6.19316e-08 0)
(0.243638 -8.67837e-08 0)
(0.243639 -7.18367e-08 0)
(0.243639 8.67951e-08 0)
(0.24364 7.18366e-08 0)
(0.261488 -8.23759e-08 0)
(0.26149 -8.26573e-08 0)
(0.26149 8.23871e-08 0)
(0.261491 8.26573e-08 0)
(0.279443 -7.43879e-08 0)
(0.279445 -9.44601e-08 0)
(0.279445 7.43989e-08 0)
(0.279447 9.44601e-08 0)
(0.297491 -6.26509e-08 0)
(0.297493 -1.07281e-07 0)
(0.297493 6.26617e-08 0)
(0.297495 1.07281e-07 0)
(0.315619 -4.71668e-08 0)
(0.31562 -1.21093e-07 0)
(0.315621 4.71775e-08 0)
(0.315623 1.21093e-07 0)
(0.333812 -2.81652e-08 0)
(0.333814 -1.35764e-07 0)
(0.333815 2.81756e-08 0)
(0.333817 1.35764e-07 0)
(0.352056 -6.17163e-09 0)
(0.352057 -1.51021e-07 0)
(0.352058 6.18183e-09 0)
(0.352061 1.51021e-07 0)
(0.370334 1.79206e-08 0)
(0.370335 -1.66411e-07 0)
(0.370336 -1.79107e-08 0)
(0.370339 1.66412e-07 0)
(0.388631 4.28314e-08 0)
(0.388632 -1.81299e-07 0)
(0.388633 -4.28217e-08 0)
(0.388636 1.81299e-07 0)
(0.406932 6.68383e-08 0)
(0.406933 -1.94898e-07 0)
(0.406934 -6.68288e-08 0)
(0.406936 1.94898e-07 0)
(0.425222 8.77911e-08 0)
(0.425223 -2.06333e-07 0)
(0.425224 -8.77818e-08 0)
(0.425226 2.06333e-07 0)
(0.443488 1.0309e-07 0)
(0.443489 -2.14758e-07 0)
(0.443489 -1.03081e-07 0)
(0.443491 2.14758e-07 0)
(0.461719 1.09714e-07 0)
(0.46172 -2.19431e-07 0)
(0.461719 -1.09705e-07 0)
(0.46172 2.19431e-07 0)
(0.479904 1.04095e-07 0)
(0.479905 -2.19726e-07 0)
(0.479903 -1.04087e-07 0)
(0.479903 2.19727e-07 0)
(0.498034 8.17075e-08 0)
(0.498035 -2.14861e-07 0)
(0.498032 -8.16989e-08 0)
(0.498031 2.14861e-07 0)
(0.516102 3.74751e-08 0)
(0.516104 -2.03313e-07 0)
(0.5161 -3.74662e-08 0)
(0.516096 2.03314e-07 0)
(0.534104 -2.46003e-08 0)
(0.534106 -1.83191e-07 0)
(0.534101 2.46069e-08 0)
(0.534096 1.83193e-07 0)
(0.55204 -9.75506e-08 0)
(0.552043 -1.62261e-07 0)
(0.552037 9.75569e-08 0)
(0.552032 1.62262e-07 0)
(0.569914 -1.71648e-07 0)
(0.569917 -1.39475e-07 0)
(0.569911 1.71656e-07 0)
(0.569908 1.39476e-07 0)
(0.587723 -2.37761e-07 0)
(0.587726 -1.22064e-07 0)
(0.587721 2.37768e-07 0)
(0.587718 1.22065e-07 0)
(0.605463 -2.94234e-07 0)
(0.605466 -1.06711e-07 0)
(0.605461 2.94241e-07 0)
(0.605459 1.06712e-07 0)
(0.62313 -3.39156e-07 0)
(0.623132 -8.98898e-08 0)
(0.623127 3.39163e-07 0)
(0.623127 8.98907e-08 0)
(0.64072 -3.6946e-07 0)
(0.640722 -6.92316e-08 0)
(0.640717 3.69466e-07 0)
(0.640719 6.92326e-08 0)
(0.658229 -3.80119e-07 0)
(0.65823 -4.37012e-08 0)
(0.658226 3.80126e-07 0)
(0.65823 4.37027e-08 0)
(0.675652 -3.62443e-07 0)
(0.675652 -1.42579e-08 0)
(0.675648 3.6245e-07 0)
(0.675655 1.42602e-08 0)
(0.692981 -3.08014e-07 0)
(0.69298 1.63889e-08 0)
(0.692977 3.08019e-07 0)
(0.692988 -1.63898e-08 0)
(0.710217 -2.45628e-07 0)
(0.710215 5.1907e-08 0)
(0.710212 2.45633e-07 0)
(0.710224 -5.19074e-08 0)
(0.727367 -1.75781e-07 0)
(0.727365 8.69604e-08 0)
(0.727362 1.75787e-07 0)
(0.727372 -8.69579e-08 0)
(0.744438 -1.30631e-07 0)
(0.744437 1.24189e-07 0)
(0.744433 1.30637e-07 0)
(0.744441 -1.24187e-07 0)
(0.76143 -1.0456e-07 0)
(0.761429 1.58726e-07 0)
(0.761426 1.04565e-07 0)
(0.761432 -1.58724e-07 0)
(0.778341 -9.14866e-08 0)
(0.778341 1.87337e-07 0)
(0.778338 9.14919e-08 0)
(0.778342 -1.87335e-07 0)
(0.79517 -8.77256e-08 0)
(0.795171 2.08847e-07 0)
(0.795168 8.77307e-08 0)
(0.795171 -2.08845e-07 0)
(0.811915 -9.04857e-08 0)
(0.811916 2.23263e-07 0)
(0.811913 9.04905e-08 0)
(0.811916 -2.23261e-07 0)
(0.828572 -9.71046e-08 0)
(0.828574 2.31236e-07 0)
(0.828571 9.71092e-08 0)
(0.828573 -2.31234e-07 0)
(0.845138 -1.05007e-07 0)
(0.84514 2.3409e-07 0)
(0.845138 1.05012e-07 0)
(0.845139 -2.34088e-07 0)
(0.86161 -1.11383e-07 0)
(0.861611 2.35493e-07 0)
(0.86161 1.11387e-07 0)
(0.861611 -2.35491e-07 0)
(0.877984 -1.14685e-07 0)
(0.877985 2.36885e-07 0)
(0.877984 1.14689e-07 0)
(0.877985 -2.36882e-07 0)
(0.894257 -1.12916e-07 0)
(0.894257 2.41288e-07 0)
(0.894257 1.12919e-07 0)
(0.894258 -2.41286e-07 0)
(0.910426 -1.05619e-07 0)
(0.910426 2.47871e-07 0)
(0.910426 1.05622e-07 0)
(0.910427 -2.47868e-07 0)
(0.926488 -9.43301e-08 0)
(0.926488 2.53977e-07 0)
(0.926488 9.43329e-08 0)
(0.926489 -2.53975e-07 0)
(0.942441 -8.32262e-08 0)
(0.942442 2.62489e-07 0)
(0.942441 8.32286e-08 0)
(0.942443 -2.62486e-07 0)
(0.958285 -7.39456e-08 0)
(0.958287 2.70822e-07 0)
(0.958284 7.39478e-08 0)
(0.958288 -2.70818e-07 0)
(0.974018 -6.48854e-08 0)
(0.97402 2.78999e-07 0)
(0.974017 6.48871e-08 0)
(0.974021 -2.78996e-07 0)
(0.989639 -5.42865e-08 0)
(0.989641 2.90987e-07 0)
(0.989638 5.42876e-08 0)
(0.989643 -2.90983e-07 0)
(1.00515 -3.8255e-08 0)
(1.00515 3.05089e-07 0)
(1.00515 3.82557e-08 0)
(1.00515 -3.05085e-07 0)
(1.02055 -1.83937e-08 0)
(1.02055 3.26432e-07 0)
(1.02054 1.83939e-08 0)
(1.02055 -3.26427e-07 0)
(1.03583 4.27165e-09 0)
(1.03583 3.54493e-07 0)
(1.03583 -4.27194e-09 0)
(1.03583 -3.54488e-07 0)
(1.051 2.99172e-08 0)
(1.05099 3.8646e-07 0)
(1.05099 -2.99183e-08 0)
(1.051 -3.86455e-07 0)
(1.06605 5.66522e-08 0)
(1.06604 4.2072e-07 0)
(1.06605 -5.66537e-08 0)
(1.06605 -4.20713e-07 0)
(1.08098 7.06756e-08 0)
(1.08098 4.50029e-07 0)
(1.08098 -7.0678e-08 0)
(1.08098 -4.50022e-07 0)
(1.09579 7.23001e-08 0)
(1.09579 4.71639e-07 0)
(1.09579 -7.23032e-08 0)
(1.09579 -4.71632e-07 0)
(1.11049 7.45326e-08 0)
(1.11048 4.85737e-07 0)
(1.11048 -7.45357e-08 0)
(1.11048 -4.8573e-07 0)
(1.12505 8.72895e-08 0)
(1.12505 4.9194e-07 0)
(1.12505 -8.72929e-08 0)
(1.12505 -4.91934e-07 0)
(1.13949 1.23176e-07 0)
(1.13949 4.89669e-07 0)
(1.13949 -1.23183e-07 0)
(1.13949 -4.89664e-07 0)
(1.1538 1.67276e-07 0)
(1.15379 4.89489e-07 0)
(1.1538 -1.67283e-07 0)
(1.1538 -4.89476e-07 0)
(1.16797 2.02112e-07 0)
(1.16797 4.87826e-07 0)
(1.16797 -2.02117e-07 0)
(1.16797 -4.87814e-07 0)
(1.182 2.12692e-07 0)
(1.182 4.95877e-07 0)
(1.182 -2.12698e-07 0)
(1.182 -4.95862e-07 0)
(1.19588 1.97113e-07 0)
(1.19588 4.9846e-07 0)
(1.19588 -1.97123e-07 0)
(1.19588 -4.98443e-07 0)
(1.20961 1.65772e-07 0)
(1.20961 4.70924e-07 0)
(1.20961 -1.65782e-07 0)
(1.20961 -4.7092e-07 0)
(1.22318 1.41811e-07 0)
(1.22318 4.24072e-07 0)
(1.22318 -1.41819e-07 0)
(1.22318 -4.24063e-07 0)
(1.23658 1.32452e-07 0)
(1.23658 3.64921e-07 0)
(1.23658 -1.32464e-07 0)
(1.23658 -3.64904e-07 0)
(1.2498 1.43074e-07 0)
(1.2498 3.01518e-07 0)
(1.2498 -1.43085e-07 0)
(1.2498 -3.01506e-07 0)
(1.26284 1.35097e-07 0)
(1.26284 2.56738e-07 0)
(1.26284 -1.35112e-07 0)
(1.26284 -2.56719e-07 0)
(1.27567 1.29305e-07 0)
(1.27568 2.07707e-07 0)
(1.27568 -1.29313e-07 0)
(1.27567 -2.07696e-07 0)
(1.2883 1.01908e-07 0)
(1.28831 1.78217e-07 0)
(1.28831 -1.01919e-07 0)
(1.28831 -1.78201e-07 0)
(1.30071 9.4205e-08 0)
(1.30071 1.7233e-07 0)
(1.30071 -9.42162e-08 0)
(1.30071 -1.72316e-07 0)
(1.31289 1.04993e-07 0)
(1.31289 1.8837e-07 0)
(1.31289 -1.05004e-07 0)
(1.31289 -1.88357e-07 0)
(1.32481 1.2916e-07 0)
(1.32481 2.16951e-07 0)
(1.32481 -1.29172e-07 0)
(1.32481 -2.16941e-07 0)
(1.33646 1.60012e-07 0)
(1.33646 2.48027e-07 0)
(1.33646 -1.60026e-07 0)
(1.33646 -2.48015e-07 0)
(1.34782 1.9179e-07 0)
(1.34781 2.66514e-07 0)
(1.34782 -1.91803e-07 0)
(1.34781 -2.66491e-07 0)
(1.35886 1.893e-07 0)
(1.35885 2.46483e-07 0)
(1.35886 -1.89316e-07 0)
(1.35885 -2.46465e-07 0)
(1.36954 1.60039e-07 0)
(1.36955 1.99994e-07 0)
(1.36955 -1.60052e-07 0)
(1.36954 -1.99981e-07 0)
(1.37986 1.17927e-07 0)
(1.37986 1.27164e-07 0)
(1.37986 -1.17933e-07 0)
(1.37986 -1.2716e-07 0)
(1.38976 7.10528e-08 0)
(1.38976 7.12197e-08 0)
(1.38976 -7.10597e-08 0)
(1.38976 -7.1209e-08 0)
(1.39921 5.41635e-08 0)
(1.39921 4.65359e-08 0)
(1.39921 -5.41685e-08 0)
(1.39921 -4.65254e-08 0)
(1.40818 5.27983e-08 0)
(1.40818 5.04119e-08 0)
(1.40818 -5.28019e-08 0)
(1.40818 -5.04041e-08 0)
(1.4166 5.53628e-08 0)
(1.4166 7.97818e-08 0)
(1.4166 -5.53647e-08 0)
(1.4166 -7.97771e-08 0)
(1.42444 3.87555e-08 0)
(1.42444 1.16683e-07 0)
(1.42444 -3.87622e-08 0)
(1.42444 -1.16673e-07 0)
(1.43164 2.37066e-08 0)
(1.43164 1.26205e-07 0)
(1.43164 -2.37119e-08 0)
(1.43164 -1.26203e-07 0)
(1.43815 -1.20697e-09 0)
(1.43815 1.11202e-07 0)
(1.43815 1.20447e-09 0)
(1.43815 -1.11204e-07 0)
(1.4439 -5.23696e-09 0)
(1.4439 7.93566e-08 0)
(1.4439 5.23344e-09 0)
(1.4439 -7.93519e-08 0)
(1.44883 -1.00102e-08 0)
(1.44883 3.94049e-08 0)
(1.44883 1.00057e-08 0)
(1.44883 -3.94028e-08 0)
(1.45289 -7.71565e-09 0)
(1.45289 1.7527e-08 0)
(1.4529 7.71287e-09 0)
(1.45289 -1.75237e-08 0)
(1.45602 -5.27423e-09 0)
(1.45602 6.367e-10 0)
(1.45602 5.27306e-09 0)
(1.45602 -6.33996e-10 0)
(1.45816 -4.6552e-09 0)
(1.45816 -5.14483e-09 0)
(1.45816 4.6541e-09 0)
(1.45816 5.14708e-09 0)
(1.45926 -1.45481e-09 0)
(1.45926 -2.32764e-09 0)
(1.45926 1.45436e-09 0)
(1.45926 2.3285e-09 0)
)
;

boundaryField
{
    inlet
    {
        type            cyclic;
    }
    outlet
    {
        type            cyclic;
    }
    fixedWalls-bottom
    {
        type            noSlip;
    }
    fixedWalls-top
    {
        type            symmetry;
    }
    frontAndBack
    {
        type            empty;
    }
}


// ************************************************************************* //
