/*--------------------------------*- C++ -*----------------------------------*\
  =========                 |
  \\      /  F ield         | OpenFOAM: The Open Source CFD Toolbox
   \\    /   O peration     | Website:  https://openfoam.org
    \\  /    A nd           | Version:  10
     \\/     M anipulation  |
\*---------------------------------------------------------------------------*/
FoamFile
{
    format      ascii;
    class       volVectorField;
    location    "5000";
    object      U;
}
// * * * * * * * * * * * * * * * * * * * * * * * * * * * * * * * * * * * * * //

dimensions      [0 1 -1 0 0 0 0];

internalField   nonuniform List<vector> 
400
(
(0.0069208 5.30723e-18 0)
(0.0069208 -3.63466e-21 0)
(0.0069208 -4.29548e-20 0)
(0.0069208 1.12902e-19 0)
(0.0207957 1.82069e-17 0)
(0.0207957 -2.83809e-19 0)
(0.0207957 -9.27961e-20 0)
(0.0207957 2.22944e-19 0)
(0.0348001 1.61415e-17 0)
(0.0348001 -7.89121e-19 0)
(0.0348001 -3.24709e-19 0)
(0.0348001 8.83358e-19 0)
(0.048934 1.60283e-17 0)
(0.048934 -1.58863e-18 0)
(0.048934 -6.15819e-19 0)
(0.048934 1.75824e-18 0)
(0.0631972 1.61448e-17 0)
(0.0631972 -2.65962e-18 0)
(0.0631972 -1.01769e-18 0)
(0.0631972 2.90479e-18 0)
(0.0775897 1.63995e-17 0)
(0.0775897 -4.17203e-18 0)
(0.0775897 -1.41456e-18 0)
(0.0775897 4.53865e-18 0)
(0.0921111 1.70345e-17 0)
(0.0921111 -6.25336e-18 0)
(0.0921111 -1.95349e-18 0)
(0.0921111 6.67184e-18 0)
(0.106761 1.77036e-17 0)
(0.106761 -8.82504e-18 0)
(0.106761 -2.43739e-18 0)
(0.106761 9.24807e-18 0)
(0.12154 1.84271e-17 0)
(0.12154 -1.16617e-17 0)
(0.12154 -3.16008e-18 0)
(0.12154 1.21277e-17 0)
(0.136446 1.95962e-17 0)
(0.136446 -1.48649e-17 0)
(0.136446 -4.41118e-18 0)
(0.136446 1.54405e-17 0)
(0.15148 2.12006e-17 0)
(0.15148 -1.86105e-17 0)
(0.15148 -6.15058e-18 0)
(0.15148 1.94867e-17 0)
(0.16664 2.33288e-17 0)
(0.16664 -2.29536e-17 0)
(0.16664 -8.40945e-18 0)
(0.16664 2.40053e-17 0)
(0.181927 2.66396e-17 0)
(0.181927 -2.74297e-17 0)
(0.181927 -1.14901e-17 0)
(0.181927 2.84323e-17 0)
(0.19734 3.08503e-17 0)
(0.19734 -3.16959e-17 0)
(0.19734 -1.53483e-17 0)
(0.19734 3.22976e-17 0)
(0.212877 3.57212e-17 0)
(0.212877 -3.56958e-17 0)
(0.212877 -1.98535e-17 0)
(0.212877 3.57197e-17 0)
(0.228538 4.17569e-17 0)
(0.228538 -3.92105e-17 0)
(0.228538 -2.54996e-17 0)
(0.228538 3.90445e-17 0)
(0.244322 4.81486e-17 0)
(0.244322 -4.28528e-17 0)
(0.244322 -3.17658e-17 0)
(0.244322 4.25294e-17 0)
(0.260228 5.37205e-17 0)
(0.260228 -4.66398e-17 0)
(0.260228 -3.74718e-17 0)
(0.260228 4.63709e-17 0)
(0.276254 5.95638e-17 0)
(0.276254 -5.01918e-17 0)
(0.276254 -4.35385e-17 0)
(0.276254 5.01466e-17 0)
(0.2924 6.60268e-17 0)
(0.2924 -5.3638e-17 0)
(0.2924 -4.98977e-17 0)
(0.2924 5.36252e-17 0)
(0.308665 7.34078e-17 0)
(0.308665 -5.77979e-17 0)
(0.308665 -5.70617e-17 0)
(0.308665 5.77461e-17 0)
(0.325045 8.07173e-17 0)
(0.325045 -6.22737e-17 0)
(0.325045 -6.46383e-17 0)
(0.325045 6.22992e-17 0)
(0.341541 8.73775e-17 0)
(0.341541 -6.78537e-17 0)
(0.341541 -7.17931e-17 0)
(0.341541 6.79938e-17 0)
(0.358151 9.37485e-17 0)
(0.358151 -7.39122e-17 0)
(0.358151 -7.83826e-17 0)
(0.358151 7.40322e-17 0)
(0.374872 1.00523e-16 0)
(0.374872 -7.88289e-17 0)
(0.374872 -8.49566e-17 0)
(0.374872 7.89061e-17 0)
(0.391703 1.06287e-16 0)
(0.391703 -8.3238e-17 0)
(0.391703 -9.06665e-17 0)
(0.391703 8.36065e-17 0)
(0.408642 1.10844e-16 0)
(0.408642 -8.79751e-17 0)
(0.408642 -9.57505e-17 0)
(0.408642 8.88572e-17 0)
(0.425686 1.14539e-16 0)
(0.425686 -9.36961e-17 0)
(0.425686 -9.93918e-17 0)
(0.425686 9.45046e-17 0)
(0.442834 1.17003e-16 0)
(0.442834 -9.94388e-17 0)
(0.442834 -1.0184e-16 0)
(0.442834 1.0007e-16 0)
(0.460082 1.18059e-16 0)
(0.460082 -1.05661e-16 0)
(0.460082 -1.0373e-16 0)
(0.460082 1.07124e-16 0)
(0.477429 1.19538e-16 0)
(0.477429 -1.11662e-16 0)
(0.477429 -1.06619e-16 0)
(0.477429 1.14566e-16 0)
(0.494871 1.2255e-16 0)
(0.494871 -1.16638e-16 0)
(0.494871 -1.09947e-16 0)
(0.494871 1.20075e-16 0)
(0.512406 1.26631e-16 0)
(0.512406 -1.22457e-16 0)
(0.512406 -1.131e-16 0)
(0.512406 1.25228e-16 0)
(0.530031 1.28972e-16 0)
(0.530031 -1.27832e-16 0)
(0.530031 -1.15936e-16 0)
(0.530031 1.30312e-16 0)
(0.547742 1.30464e-16 0)
(0.547742 -1.30328e-16 0)
(0.547742 -1.17678e-16 0)
(0.547742 1.31669e-16 0)
(0.565536 1.32871e-16 0)
(0.565536 -1.32089e-16 0)
(0.565536 -1.18143e-16 0)
(0.565536 1.31035e-16 0)
(0.58341 1.33607e-16 0)
(0.58341 -1.33518e-16 0)
(0.58341 -1.17383e-16 0)
(0.58341 1.31886e-16 0)
(0.601359 1.32638e-16 0)
(0.601359 -1.3418e-16 0)
(0.601359 -1.16786e-16 0)
(0.601359 1.32667e-16 0)
(0.61938 1.31259e-16 0)
(0.61938 -1.34675e-16 0)
(0.61938 -1.15461e-16 0)
(0.61938 1.3242e-16 0)
(0.637469 1.28777e-16 0)
(0.637469 -1.34909e-16 0)
(0.637469 -1.13446e-16 0)
(0.637469 1.32804e-16 0)
(0.655621 1.26934e-16 0)
(0.655621 -1.33556e-16 0)
(0.655621 -1.11649e-16 0)
(0.655621 1.31489e-16 0)
(0.673831 1.2306e-16 0)
(0.673831 -1.29968e-16 0)
(0.673831 -1.08065e-16 0)
(0.673831 1.27807e-16 0)
(0.692096 1.17248e-16 0)
(0.692096 -1.23942e-16 0)
(0.692096 -1.01321e-16 0)
(0.692096 1.21111e-16 0)
(0.71041 1.10093e-16 0)
(0.71041 -1.16715e-16 0)
(0.71041 -9.26455e-17 0)
(0.71041 1.1234e-16 0)
(0.728767 1.03671e-16 0)
(0.728767 -1.09465e-16 0)
(0.728767 -8.46815e-17 0)
(0.728767 1.03146e-16 0)
(0.747163 9.88746e-17 0)
(0.747163 -1.01688e-16 0)
(0.747163 -7.74724e-17 0)
(0.747163 9.41217e-17 0)
(0.765591 9.2545e-17 0)
(0.765591 -9.03937e-17 0)
(0.765591 -7.15646e-17 0)
(0.765591 8.29763e-17 0)
(0.784046 8.44903e-17 0)
(0.784046 -7.57453e-17 0)
(0.784046 -6.46357e-17 0)
(0.784046 6.83888e-17 0)
(0.802521 7.86138e-17 0)
(0.802521 -5.95246e-17 0)
(0.802521 -5.93645e-17 0)
(0.802521 5.27775e-17 0)
(0.82101 7.42726e-17 0)
(0.82101 -3.95288e-17 0)
(0.82101 -5.47084e-17 0)
(0.82101 3.22925e-17 0)
(0.839506 6.99263e-17 0)
(0.839506 -1.73095e-17 0)
(0.839506 -5.01264e-17 0)
(0.839506 9.73262e-18 0)
(0.858002 6.28239e-17 0)
(0.858002 6.62988e-18 0)
(0.858002 -4.43763e-17 0)
(0.858002 -1.21551e-17 0)
(0.876491 5.67004e-17 0)
(0.876491 2.86374e-17 0)
(0.876491 -3.94344e-17 0)
(0.876491 -3.1646e-17 0)
(0.894964 5.3766e-17 0)
(0.894964 5.33776e-17 0)
(0.894964 -3.9508e-17 0)
(0.894964 -5.40452e-17 0)
(0.913414 4.74881e-17 0)
(0.913414 7.66104e-17 0)
(0.913414 -3.89151e-17 0)
(0.913414 -7.45776e-17 0)
(0.931832 4.61111e-17 0)
(0.931832 9.26106e-17 0)
(0.931832 -4.03839e-17 0)
(0.931832 -8.87502e-17 0)
(0.95021 4.86857e-17 0)
(0.95021 1.01457e-16 0)
(0.95021 -4.35019e-17 0)
(0.95021 -9.73049e-17 0)
(0.968538 5.31179e-17 0)
(0.968538 1.02514e-16 0)
(0.968538 -4.6525e-17 0)
(0.968538 -1.01935e-16 0)
(0.986808 6.18525e-17 0)
(0.986808 1.01487e-16 0)
(0.986808 -5.48733e-17 0)
(0.986808 -1.01245e-16 0)
(1.00501 6.85064e-17 0)
(1.00501 1.01337e-16 0)
(1.00501 -6.3516e-17 0)
(1.00501 -9.91323e-17 0)
(1.02313 7.3276e-17 0)
(1.02313 1.0249e-16 0)
(1.02313 -6.94134e-17 0)
(1.02313 -1.00746e-16 0)
(1.04116 8.15083e-17 0)
(1.04116 1.06885e-16 0)
(1.04116 -7.81525e-17 0)
(1.04116 -1.0257e-16 0)
(1.05909 9.06206e-17 0)
(1.05909 1.00185e-16 0)
(1.05909 -8.54985e-17 0)
(1.05909 -9.53692e-17 0)
(1.07691 9.61624e-17 0)
(1.07691 8.72775e-17 0)
(1.07691 -8.65688e-17 0)
(1.07691 -8.75616e-17 0)
(1.09461 1.04074e-16 0)
(1.09461 7.0991e-17 0)
(1.09461 -8.70672e-17 0)
(1.09461 -7.77107e-17 0)
(1.11217 1.1337e-16 0)
(1.11217 5.92779e-17 0)
(1.11217 -9.43283e-17 0)
(1.11217 -6.68185e-17 0)
(1.12958 1.16617e-16 0)
(1.12958 5.86226e-17 0)
(1.12958 -9.87198e-17 0)
(1.12958 -6.57792e-17 0)
(1.14682 1.1381e-16 0)
(1.14682 5.79806e-17 0)
(1.14682 -9.18987e-17 0)
(1.14682 -7.10505e-17 0)
(1.16389 1.07417e-16 0)
(1.16389 6.57259e-17 0)
(1.16389 -8.34609e-17 0)
(1.16389 -8.12618e-17 0)
(1.18077 9.71685e-17 0)
(1.18077 8.07553e-17 0)
(1.18077 -7.34341e-17 0)
(1.18077 -9.37365e-17 0)
(1.19744 7.84537e-17 0)
(1.19744 9.41056e-17 0)
(1.19744 -5.87136e-17 0)
(1.19744 -1.028e-16 0)
(1.21389 5.62107e-17 0)
(1.21389 1.02548e-16 0)
(1.21389 -4.55635e-17 0)
(1.21389 -1.02856e-16 0)
(1.2301 3.91588e-17 0)
(1.2301 1.0776e-16 0)
(1.2301 -3.46672e-17 0)
(1.2301 -1.03668e-16 0)
(1.24606 2.65965e-17 0)
(1.24606 1.17237e-16 0)
(1.24606 -2.79962e-17 0)
(1.24606 -1.10961e-16 0)
(1.26175 1.22278e-17 0)
(1.26175 1.32265e-16 0)
(1.26175 -1.70791e-17 0)
(1.26175 -1.23436e-16 0)
(1.27715 -6.36598e-19 0)
(1.27715 1.4435e-16 0)
(1.27715 7.20011e-19 0)
(1.27715 -1.39206e-16 0)
(1.29224 -1.40224e-17 0)
(1.29224 1.50367e-16 0)
(1.29224 2.05384e-17 0)
(1.29224 -1.53487e-16 0)
(1.307 -3.15419e-17 0)
(1.307 1.47636e-16 0)
(1.307 4.07238e-17 0)
(1.307 -1.56267e-16 0)
(1.32141 -3.58361e-17 0)
(1.32141 1.43385e-16 0)
(1.32141 4.73383e-17 0)
(1.32141 -1.56848e-16 0)
(1.33546 -4.19066e-17 0)
(1.33546 1.40376e-16 0)
(1.33546 4.90604e-17 0)
(1.33546 -1.53866e-16 0)
(1.34912 -4.47153e-17 0)
(1.34912 1.38825e-16 0)
(1.34912 5.08287e-17 0)
(1.34912 -1.52317e-16 0)
(1.36236 -3.83097e-17 0)
(1.36236 1.30761e-16 0)
(1.36236 4.48364e-17 0)
(1.36236 -1.43693e-16 0)
(1.37517 -2.94456e-17 0)
(1.37517 1.12979e-16 0)
(1.37517 3.71029e-17 0)
(1.37517 -1.25797e-16 0)
(1.38752 -1.67838e-17 0)
(1.38752 9.20602e-17 0)
(1.38752 3.02522e-17 0)
(1.38752 -1.09477e-16 0)
(1.39939 -5.21464e-18 0)
(1.39939 7.7006e-17 0)
(1.39939 1.53723e-17 0)
(1.39939 -9.21027e-17 0)
(1.41075 7.71583e-18 0)
(1.41075 6.32577e-17 0)
(1.41075 1.16229e-18 0)
(1.41075 -7.50993e-17 0)
(1.42158 1.56638e-17 0)
(1.42158 5.35947e-17 0)
(1.42158 -4.02653e-18 0)
(1.42158 -6.68638e-17 0)
(1.43184 2.42265e-17 0)
(1.43184 5.43599e-17 0)
(1.43184 -1.38156e-17 0)
(1.43184 -6.67329e-17 0)
(1.44151 3.3812e-17 0)
(1.44151 4.94947e-17 0)
(1.44151 -2.57628e-17 0)
(1.44151 -5.93343e-17 0)
(1.45057 4.31488e-17 0)
(1.45057 4.27725e-17 0)
(1.45057 -3.3851e-17 0)
(1.45057 -5.66616e-17 0)
(1.45897 5.01055e-17 0)
(1.45897 2.8323e-17 0)
(1.45897 -3.95703e-17 0)
(1.45897 -4.54903e-17 0)
(1.46669 5.33625e-17 0)
(1.46669 1.32767e-17 0)
(1.46669 -4.48681e-17 0)
(1.46669 -2.78144e-17 0)
(1.4737 6.13971e-17 0)
(1.4737 1.0849e-18 0)
(1.4737 -5.11092e-17 0)
(1.4737 -1.50446e-17 0)
(1.47997 7.19188e-17 0)
(1.47997 -1.48345e-17 0)
(1.47997 -5.38047e-17 0)
(1.47997 -9.2269e-18 0)
(1.48545 7.04309e-17 0)
(1.48545 -2.06045e-17 0)
(1.48545 -5.46748e-17 0)
(1.48545 -5.07685e-18 0)
(1.49011 6.92232e-17 0)
(1.49011 -2.5882e-17 0)
(1.49011 -5.36498e-17 0)
(1.49011 4.69503e-18 0)
(1.49392 6.41021e-17 0)
(1.49392 -2.87667e-17 0)
(1.49392 -4.68291e-17 0)
(1.49392 8.52932e-18 0)
(1.49684 5.73029e-17 0)
(1.49684 -2.77628e-17 0)
(1.49684 -4.68475e-17 0)
(1.49684 1.37818e-17 0)
(1.49883 4.39592e-17 0)
(1.49883 -2.83679e-17 0)
(1.49883 -3.94718e-17 0)
(1.49883 1.70887e-17 0)
(1.49984 1.10772e-17 0)
(1.49984 -8.79196e-18 0)
(1.49984 -1.04428e-17 0)
(1.49984 8.38619e-18 0)
)
;

boundaryField
{
    inlet
    {
        type            cyclic;
    }
    outlet
    {
        type            cyclic;
    }
    fixedWalls-bottom
    {
        type            noSlip;
    }
    fixedWalls-top
    {
        type            symmetry;
    }
    frontAndBack
    {
        type            empty;
    }
}


// ************************************************************************* //
