# Residuals   
# Time        	p             	Ux            	Uy            
0             	N/A	N/A
1             	9.999884e-01	0.000000e+00	0.000000e+00
2             	1.000000e+00	3.642343e-01	1.000000e+00
3             	2.219159e-01	5.778252e-02	4.279123e-01
4             	1.486702e-01	3.128710e-02	3.990545e-01
5             	1.111633e-01	2.166231e-02	2.529670e-01
6             	7.827363e-02	1.658055e-02	2.699610e-01
7             	9.917231e-02	1.306172e-02	4.981933e-01
8             	1.181630e-01	1.062856e-02	6.723761e-01
9             	1.312103e-01	8.763993e-03	8.444308e-01
10            	1.391494e-01	7.374171e-03	9.130009e-01
11            	1.326636e-01	6.294789e-03	8.379361e-01
12            	1.204374e-01	5.428393e-03	7.112900e-01
13            	1.156605e-01	4.742025e-03	6.186146e-01
14            	1.074126e-01	4.156032e-03	5.635058e-01
15            	1.073818e-01	3.700654e-03	5.688196e-01
16            	1.055419e-01	3.287940e-03	5.789147e-01
17            	1.064544e-01	2.942538e-03	5.754295e-01
18            	9.906676e-02	2.622938e-03	5.934507e-01
19            	1.016791e-01	2.343661e-03	5.256497e-01
20            	1.019582e-01	2.101557e-03	4.839794e-01
21            	9.630008e-02	1.887210e-03	4.447953e-01
22            	9.386375e-02	1.703356e-03	4.332100e-01
23            	8.860140e-02	1.542274e-03	4.230001e-01
24            	8.752026e-02	1.399801e-03	4.353454e-01
25            	7.645565e-02	1.274619e-03	4.275918e-01
26            	7.615840e-02	1.165266e-03	4.261645e-01
27            	6.859968e-02	1.064620e-03	4.137087e-01
28            	7.434766e-02	9.740745e-04	4.286508e-01
29            	7.440683e-02	8.936426e-04	4.584953e-01
30            	7.793510e-02	8.192884e-04	4.739499e-01
31            	7.480864e-02	7.514217e-04	4.550349e-01
32            	7.517061e-02	6.908456e-04	4.498877e-01
33            	7.493367e-02	6.334676e-04	4.480171e-01
34            	7.515754e-02	5.828619e-04	4.200469e-01
35            	9.274514e-02	5.384330e-04	4.512545e-01
36            	7.836349e-02	4.974847e-04	4.284962e-01
37            	8.430948e-02	4.584690e-04	4.486463e-01
38            	7.912322e-02	4.256232e-04	3.997242e-01
39            	7.909022e-02	3.964995e-04	4.630745e-01
40            	8.263670e-02	3.715092e-04	4.524486e-01
41            	9.168728e-02	3.477253e-04	4.609326e-01
42            	7.540638e-02	3.273135e-04	3.973337e-01
43            	8.315331e-02	3.094047e-04	3.407311e-01
44            	8.792459e-02	2.946919e-04	2.536927e-01
45            	7.621638e-02	2.816744e-04	2.523187e-01
46            	8.012750e-02	2.714335e-04	2.317265e-01
47            	7.554109e-02	2.632860e-04	2.513502e-01
48            	8.293280e-02	2.543662e-04	2.068387e-01
49            	6.776930e-02	2.483287e-04	1.811367e-01
50            	5.521408e-02	2.435917e-04	1.400786e-01
51            	5.345150e-02	2.403401e-04	1.193159e-01
52            	7.839827e-02	2.374808e-04	1.063607e-01
53            	7.936457e-02	2.355473e-04	1.273353e-01
54            	7.877732e-02	2.340720e-04	1.263677e-01
55            	6.412485e-02	2.315206e-04	1.051878e-01
56            	5.995729e-02	2.297043e-04	8.404110e-02
57            	5.084321e-02	2.280369e-04	8.768774e-02
58            	5.480835e-02	2.259781e-04	7.881508e-02
59            	5.314729e-02	2.231731e-04	6.522856e-02
60            	5.337550e-02	2.211548e-04	6.163476e-02
61            	5.624635e-02	2.188854e-04	6.364989e-02
62            	4.871041e-02	2.161256e-04	7.159267e-02
63            	5.010563e-02	2.135786e-04	7.148943e-02
64            	4.594174e-02	2.108465e-04	5.317812e-02
65            	4.301791e-02	2.077732e-04	6.063224e-02
66            	3.483512e-02	2.050514e-04	5.040288e-02
67            	2.792958e-02	2.022071e-04	4.085260e-02
68            	3.167578e-02	1.991892e-04	4.709677e-02
69            	3.284456e-02	1.963638e-04	4.859241e-02
70            	2.740229e-02	1.933314e-04	4.432177e-02
71            	2.895847e-02	1.901183e-04	4.221817e-02
72            	2.705811e-02	1.867374e-04	2.716087e-02
73            	2.924080e-02	1.836047e-04	2.837475e-02
74            	2.058483e-02	1.803732e-04	3.011207e-02
75            	3.536264e-02	1.769958e-04	4.985420e-02
76            	3.417132e-02	1.736998e-04	5.154851e-02
77            	2.196721e-02	1.704497e-04	3.714265e-02
78            	2.180683e-02	1.673630e-04	5.151471e-02
79            	1.939741e-02	1.642075e-04	4.847936e-02
80            	2.896800e-02	1.609523e-04	6.049642e-02
81            	2.828209e-02	1.576336e-04	4.997680e-02
82            	2.300105e-02	1.543923e-04	4.146460e-02
83            	2.212964e-02	1.512594e-04	2.798808e-02
84            	2.367389e-02	1.481305e-04	3.474841e-02
85            	2.409272e-02	1.452072e-04	4.267552e-02
86            	1.796979e-02	1.422101e-04	4.688899e-02
87            	1.891286e-02	1.392152e-04	5.069843e-02
88            	1.686776e-02	1.362486e-04	4.193978e-02
89            	2.233548e-02	1.333068e-04	4.504996e-02
90            	1.782536e-02	1.305327e-04	3.796269e-02
91            	1.090228e-02	1.277549e-04	3.098070e-02
92            	1.492786e-02	1.249961e-04	2.570683e-02
93            	1.542666e-02	1.222508e-04	3.084692e-02
94            	1.782244e-02	1.195989e-04	4.234403e-02
95            	1.807723e-02	1.169620e-04	5.510526e-02
96            	1.547345e-02	1.143385e-04	4.165070e-02
97            	1.344125e-02	1.117398e-04	3.762226e-02
98            	1.402712e-02	1.092566e-04	3.394165e-02
99            	1.363303e-02	1.068032e-04	3.990511e-02
100           	1.285291e-02	1.043791e-04	4.107313e-02
101           	1.427876e-02	1.019375e-04	4.303787e-02
102           	1.485270e-02	9.960054e-05	3.258525e-02
103           	1.320094e-02	9.730519e-05	3.427566e-02
104           	1.190083e-02	9.507831e-05	3.328809e-02
105           	1.566565e-02	9.291797e-05	3.700215e-02
106           	1.384284e-02	9.077633e-05	3.922872e-02
107           	1.189457e-02	8.865092e-05	3.812494e-02
108           	1.197792e-02	8.656988e-05	3.422463e-02
109           	2.930950e-02	8.455477e-05	3.903323e-02
110           	2.869417e-02	8.269750e-05	7.478205e-02
111           	2.153701e-02	8.082530e-05	8.243872e-02
112           	1.767496e-02	7.901594e-05	7.103127e-02
113           	1.206575e-02	7.722879e-05	4.769745e-02
114           	9.902482e-03	7.551711e-05	3.298747e-02
115           	8.396582e-03	7.382300e-05	2.539272e-02
116           	8.458722e-03	7.214213e-05	2.205064e-02
117           	9.778894e-03	7.052258e-05	2.609447e-02
118           	9.375977e-03	6.892615e-05	2.880358e-02
119           	9.577899e-03	6.735230e-05	3.137024e-02
120           	1.006491e-02	6.580040e-05	3.091179e-02
121           	1.174798e-02	6.427510e-05	3.523013e-02
122           	1.122902e-02	6.279742e-05	3.627528e-02
123           	1.170287e-02	6.134654e-05	3.377336e-02
124           	1.141137e-02	5.992813e-05	3.295267e-02
125           	1.130339e-02	5.855219e-05	3.353824e-02
126           	2.639222e-02	5.718565e-05	3.499245e-02
127           	2.374917e-02	5.598973e-05	7.548360e-02
128           	2.050187e-02	5.479991e-05	8.150210e-02
129           	1.538991e-02	5.363136e-05	6.674408e-02
130           	1.076279e-02	5.247531e-05	5.009345e-02
131           	6.984772e-03	5.133372e-05	3.557892e-02
132           	6.627938e-03	5.021752e-05	2.202765e-02
133           	7.174440e-03	4.913163e-05	1.875350e-02
134           	7.971096e-03	4.806527e-05	2.019546e-02
135           	8.208786e-03	4.701583e-05	2.462317e-02
136           	8.437666e-03	4.599274e-05	2.665742e-02
137           	9.022825e-03	4.498292e-05	2.985537e-02
138           	9.549447e-03	4.399137e-05	3.090380e-02
139           	1.007820e-02	4.302274e-05	3.332052e-02
140           	1.007774e-02	4.207261e-05	3.178433e-02
141           	1.025190e-02	4.113961e-05	3.261980e-02
142           	1.045131e-02	4.023638e-05	3.294757e-02
143           	1.055270e-02	3.934981e-05	3.390862e-02
144           	1.058415e-02	3.847930e-05	3.378504e-02
145           	2.799444e-02	3.761976e-05	3.377279e-02
146           	2.597451e-02	3.690808e-05	7.344548e-02
147           	2.198697e-02	3.618771e-05	8.372455e-02
148           	1.667180e-02	3.547625e-05	7.525818e-02
149           	1.092046e-02	3.477742e-05	5.567052e-02
150           	7.106986e-03	3.409756e-05	4.222534e-02
151           	6.195681e-03	3.342751e-05	2.811204e-02
152           	5.899866e-03	3.276636e-05	1.921530e-02
153           	6.033142e-03	3.211199e-05	1.657375e-02
154           	6.716093e-03	3.147237e-05	1.694155e-02
155           	7.331183e-03	3.084492e-05	2.052841e-02
156           	7.613023e-03	3.022712e-05	2.370343e-02
157           	8.001639e-03	2.961961e-05	2.485975e-02
158           	8.489566e-03	2.902093e-05	2.716470e-02
159           	8.911983e-03	2.843455e-05	2.809324e-02
160           	9.097520e-03	2.785903e-05	2.894082e-02
161           	9.228872e-03	2.729362e-05	3.048219e-02
162           	9.341668e-03	2.673814e-05	2.982970e-02
163           	9.588433e-03	2.619308e-05	3.000349e-02
164           	9.566951e-03	2.566172e-05	3.036308e-02
165           	9.856468e-03	2.513889e-05	3.151364e-02
166           	3.279992e-02	2.462681e-05	3.195466e-02
167           	2.941874e-02	2.425705e-05	9.382391e-02
168           	2.511450e-02	2.386386e-05	1.021209e-01
169           	2.041250e-02	2.347374e-05	8.861900e-02
170           	1.544919e-02	2.308819e-05	6.678379e-02
171           	1.088278e-02	2.270644e-05	4.844556e-02
172           	8.314526e-03	2.232914e-05	3.273672e-02
173           	7.247002e-03	2.195694e-05	2.091689e-02
174           	6.988722e-03	2.158956e-05	1.506837e-02
175           	7.003930e-03	2.122927e-05	1.337484e-02
176           	7.074090e-03	2.087331e-05	1.375633e-02
177           	7.270393e-03	2.052154e-05	1.628297e-02
178           	7.534503e-03	2.017372e-05	1.937692e-02
179           	7.728142e-03	1.983147e-05	2.165966e-02
180           	8.016512e-03	1.949463e-05	2.386848e-02
181           	8.191583e-03	1.916215e-05	2.547513e-02
182           	8.488192e-03	1.883494e-05	2.681638e-02
183           	8.659833e-03	1.851235e-05	2.764834e-02
184           	8.871892e-03	1.819473e-05	2.820212e-02
185           	9.117741e-03	1.788192e-05	2.900712e-02
186           	9.282303e-03	1.757446e-05	2.912385e-02
187           	9.327261e-03	1.727196e-05	2.925053e-02
188           	9.421707e-03	1.697434e-05	2.942570e-02
189           	9.397984e-03	1.668120e-05	2.956744e-02
190           	9.402204e-03	1.639318e-05	2.949310e-02
191           	9.420192e-03	1.610957e-05	2.976225e-02
192           	2.266749e-02	1.583068e-05	2.999735e-02
193           	2.501089e-02	1.571306e-05	8.393844e-02
194           	2.122894e-02	1.554331e-05	1.027436e-01
195           	1.652494e-02	1.537070e-05	7.951888e-02
196           	1.267823e-02	1.519823e-05	5.580644e-02
197           	9.468231e-03	1.502649e-05	3.218821e-02
198           	7.705820e-03	1.485484e-05	1.988096e-02
199           	6.796030e-03	1.468448e-05	1.593957e-02
200           	6.347983e-03	1.451541e-05	1.508703e-02
201           	5.830488e-03	1.434822e-05	1.409516e-02
202           	5.723529e-03	1.418230e-05	1.321315e-02
203           	5.661329e-03	1.401713e-05	1.363275e-02
204           	5.842348e-03	1.385339e-05	1.498232e-02
205           	6.149232e-03	1.369115e-05	1.676719e-02
206           	6.437033e-03	1.353057e-05	1.863187e-02
207           	6.624360e-03	1.337130e-05	1.963313e-02
208           	6.764265e-03	1.321309e-05	2.043526e-02
209           	6.881122e-03	1.305643e-05	2.073220e-02
210           	7.054180e-03	1.290141e-05	2.111749e-02
211           	7.161447e-03	1.274780e-05	2.138122e-02
212           	7.201353e-03	1.259557e-05	2.161123e-02
213           	7.240842e-03	1.244474e-05	2.182219e-02
214           	7.257703e-03	1.229561e-05	2.209044e-02
215           	7.236287e-03	1.214809e-05	2.230072e-02
216           	7.201436e-03	1.200262e-05	2.242523e-02
217           	7.148542e-03	1.185860e-05	2.252644e-02
218           	7.094444e-03	1.171589e-05	2.266324e-02
219           	7.046295e-03	1.157475e-05	2.274704e-02
220           	6.984791e-03	1.143540e-05	2.277613e-02
221           	6.919417e-03	1.129750e-05	2.277942e-02
222           	6.868627e-03	1.116100e-05	2.272778e-02
223           	6.798218e-03	1.102641e-05	2.268593e-02
224           	6.751425e-03	1.089295e-05	2.254381e-02
225           	6.697982e-03	1.076100e-05	2.247490e-02
226           	6.655253e-03	1.063081e-05	2.238491e-02
227           	6.651788e-03	1.050185e-05	2.227811e-02
228           	6.599256e-03	1.037430e-05	2.220847e-02
229           	6.561046e-03	1.024842e-05	2.210643e-02
230           	6.550753e-03	1.012414e-05	2.197288e-02
231           	6.518987e-03	1.000113e-05	2.189919e-02
232           	4.221210e-02	9.879594e-06	2.182897e-02
233           	6.543210e-02	9.955963e-06	1.788936e-01
234           	8.621301e-02	9.931078e-06	3.337631e-01
235           	9.907126e-02	9.902602e-06	4.261992e-01
236           	1.013084e-01	9.872726e-06	4.805649e-01
237           	9.534787e-02	9.842393e-06	5.058091e-01
238           	8.490452e-02	9.811707e-06	5.071283e-01
239           	7.299650e-02	9.780463e-06	4.571247e-01
240           	5.777652e-02	9.749442e-06	3.529909e-01
241           	4.860769e-02	9.718439e-06	2.517897e-01
242           	4.665612e-02	9.687426e-06	1.585224e-01
243           	5.186405e-02	9.656355e-06	1.803627e-01
244           	5.705131e-02	9.625349e-06	2.377959e-01
245           	6.033424e-02	9.594367e-06	2.932791e-01
246           	6.020458e-02	9.563456e-06	3.196312e-01
247           	5.733252e-02	9.532612e-06	3.234577e-01
248           	5.291311e-02	9.501782e-06	3.007906e-01
249           	4.620821e-02	9.471086e-06	2.517859e-01
250           	3.861660e-02	9.440416e-06	1.892268e-01
251           	3.221865e-02	9.409794e-06	1.489543e-01
252           	2.866002e-02	9.379267e-06	1.112761e-01
253           	2.955336e-02	9.348817e-06	8.681012e-02
254           	3.247509e-02	9.318441e-06	9.442080e-02
255           	3.419516e-02	9.288180e-06	1.134772e-01
256           	3.408961e-02	9.257998e-06	1.139796e-01
257           	3.310278e-02	9.227809e-06	1.042341e-01
258           	3.099202e-02	9.197690e-06	9.220799e-02
259           	2.794848e-02	9.167640e-06	9.516594e-02
260           	2.687695e-02	9.137682e-06	8.790029e-02
261           	2.636623e-02	9.107791e-06	7.401791e-02
262           	2.688063e-02	9.077978e-06	7.541873e-02
263           	2.940408e-02	9.048208e-06	7.478555e-02
264           	3.161484e-02	9.018478e-06	7.247797e-02
265           	3.271710e-02	8.988814e-06	7.636173e-02
266           	3.364045e-02	8.959229e-06	7.527425e-02
267           	3.351970e-02	8.929667e-06	6.570458e-02
268           	3.221919e-02	8.900205e-06	5.962646e-02
269           	3.121074e-02	8.870772e-06	5.431217e-02
270           	2.967105e-02	8.841425e-06	4.559144e-02
271           	2.931769e-02	8.812135e-06	4.296518e-02
272           	2.893824e-02	8.782893e-06	4.719137e-02
273           	2.861466e-02	8.753735e-06	5.561844e-02
274           	2.856038e-02	8.724629e-06	6.250856e-02
275           	2.760286e-02	8.695575e-06	6.500973e-02
276           	2.590930e-02	8.666598e-06	6.659123e-02
277           	2.400057e-02	8.637674e-06	7.180115e-02
278           	2.206020e-02	8.608819e-06	7.237645e-02
279           	2.034995e-02	8.580033e-06	6.884919e-02
280           	1.859319e-02	8.551321e-06	6.370465e-02
281           	1.736600e-02	8.522667e-06	5.724526e-02
282           	1.662092e-02	8.494080e-06	5.253368e-02
283           	1.614534e-02	8.465550e-06	5.078878e-02
284           	1.584245e-02	8.437084e-06	5.286353e-02
285           	1.549479e-02	8.408687e-06	5.840392e-02
286           	1.503130e-02	8.380380e-06	6.092810e-02
287           	1.476737e-02	8.352139e-06	6.238926e-02
288           	1.435424e-02	8.323959e-06	6.392081e-02
289           	1.379917e-02	8.295847e-06	6.554148e-02
290           	1.323024e-02	8.267816e-06	6.579553e-02
291           	1.270367e-02	8.239851e-06	6.450041e-02
292           	1.232430e-02	8.211957e-06	6.201502e-02
293           	1.199053e-02	8.184146e-06	5.919868e-02
294           	1.180456e-02	8.156403e-06	5.669825e-02
295           	1.184842e-02	8.128733e-06	5.511160e-02
296           	1.195146e-02	8.101134e-06	5.436102e-02
297           	1.213972e-02	8.073608e-06	5.471592e-02
298           	1.240598e-02	8.046161e-06	5.526197e-02
299           	1.249718e-02	8.018790e-06	5.792682e-02
300           	1.266549e-02	7.991498e-06	5.895687e-02
301           	1.282835e-02	7.964279e-06	5.916101e-02
302           	1.297691e-02	7.937136e-06	5.867492e-02
303           	1.315876e-02	7.910067e-06	5.790844e-02
304           	1.335545e-02	7.883085e-06	5.443012e-02
305           	1.351808e-02	7.856178e-06	5.275127e-02
306           	1.358736e-02	7.829345e-06	5.217412e-02
307           	1.365550e-02	7.802590e-06	5.155582e-02
308           	1.375603e-02	7.775914e-06	5.091339e-02
309           	1.387440e-02	7.749320e-06	5.055146e-02
310           	1.400686e-02	7.722804e-06	5.038019e-02
311           	1.414236e-02	7.696366e-06	5.024222e-02
312           	1.424908e-02	7.670007e-06	5.400790e-02
313           	1.428515e-02	7.643729e-06	5.033089e-02
314           	1.444095e-02	7.617530e-06	5.246287e-02
315           	1.445490e-02	7.591413e-06	5.076381e-02
316           	1.449163e-02	7.565375e-06	4.915094e-02
317           	1.451858e-02	7.539420e-06	4.749268e-02
318           	1.450155e-02	7.513543e-06	4.662099e-02
319           	1.447590e-02	7.487746e-06	4.578575e-02
320           	1.443693e-02	7.462091e-06	4.525940e-02
321           	1.441221e-02	7.436704e-06	4.511775e-02
322           	1.440210e-02	7.411438e-06	4.524259e-02
323           	1.437640e-02	7.386249e-06	4.567504e-02
324           	1.431113e-02	7.361137e-06	4.632406e-02
325           	1.418313e-02	7.336103e-06	4.718853e-02
326           	1.398758e-02	7.311146e-06	4.813816e-02
327           	1.375761e-02	7.286264e-06	4.925073e-02
328           	1.351760e-02	7.261458e-06	5.040240e-02
329           	1.327739e-02	7.236728e-06	5.153291e-02
330           	1.318405e-02	7.212075e-06	5.309681e-02
331           	1.298809e-02	7.187498e-06	5.383636e-02
332           	1.286118e-02	7.162999e-06	5.387909e-02
333           	1.269622e-02	7.138577e-06	5.651171e-02
334           	1.251754e-02	7.114229e-06	5.535661e-02
335           	1.235995e-02	7.089960e-06	5.579555e-02
336           	1.221380e-02	7.065767e-06	5.619751e-02
337           	1.207403e-02	7.041649e-06	5.665204e-02
338           	1.192930e-02	7.017608e-06	5.718337e-02
339           	1.179445e-02	6.993643e-06	5.766120e-02
340           	1.166962e-02	6.969754e-06	5.811471e-02
341           	1.157986e-02	6.945942e-06	5.834310e-02
342           	1.151743e-02	6.922207e-06	5.848917e-02
343           	1.145830e-02	6.898546e-06	5.816572e-02
344           	1.151460e-02	6.874961e-06	5.947929e-02
345           	1.148844e-02	6.851452e-06	5.903776e-02
346           	1.150237e-02	6.828019e-06	5.869395e-02
347           	1.160160e-02	6.804661e-06	5.844237e-02
348           	1.177967e-02	6.781379e-06	5.811532e-02
349           	1.207882e-02	6.758172e-06	5.795982e-02
350           	1.243941e-02	6.735040e-06	5.778157e-02
351           	1.281258e-02	6.711983e-06	5.760206e-02
352           	1.317852e-02	6.689000e-06	5.753706e-02
353           	1.355930e-02	6.666093e-06	5.667587e-02
354           	1.394410e-02	6.643261e-06	5.612285e-02
355           	1.434121e-02	6.620504e-06	5.554535e-02
356           	1.485999e-02	6.597820e-06	5.664502e-02
357           	1.527605e-02	6.575211e-06	5.605264e-02
358           	1.571481e-02	6.552676e-06	5.502577e-02
359           	1.614789e-02	6.530215e-06	5.421001e-02
360           	1.679300e-02	6.507827e-06	5.468859e-02
361           	1.739311e-02	6.485514e-06	5.380020e-02
362           	1.795426e-02	6.463274e-06	5.296792e-02
363           	1.853891e-02	6.441107e-06	5.226313e-02
364           	1.892917e-02	6.419013e-06	5.114665e-02
365           	1.952541e-02	6.396993e-06	5.021113e-02
366           	2.018794e-02	6.375045e-06	4.954331e-02
367           	2.097433e-02	6.353171e-06	5.115962e-02
368           	2.176048e-02	6.331368e-06	4.924238e-02
369           	2.237012e-02	6.309638e-06	4.865102e-02
370           	2.312896e-02	6.287980e-06	4.722247e-02
371           	2.391587e-02	6.266395e-06	4.485916e-02
372           	2.473249e-02	6.244881e-06	4.502038e-02
373           	2.547014e-02	6.223439e-06	4.429667e-02
374           	2.627281e-02	6.202068e-06	4.373949e-02
375           	2.712396e-02	6.180769e-06	4.324949e-02
376           	2.797233e-02	6.159539e-06	4.293028e-02
377           	2.731809e-02	6.138381e-06	4.235444e-02
378           	2.664617e-02	6.117293e-06	4.363441e-02
379           	2.583259e-02	6.096275e-06	4.437351e-02
380           	2.505210e-02	6.075328e-06	4.520856e-02
381           	2.407441e-02	6.054451e-06	4.557908e-02
382           	2.304730e-02	6.033644e-06	4.604647e-02
383           	2.179339e-02	6.012907e-06	4.729372e-02
384           	2.086721e-02	5.992239e-06	4.814673e-02
385           	2.000858e-02	5.971640e-06	4.934800e-02
386           	1.922457e-02	5.951111e-06	5.036683e-02
387           	1.850374e-02	5.930650e-06	5.115062e-02
388           	1.780428e-02	5.910259e-06	5.199260e-02
389           	1.743303e-02	5.889936e-06	5.103380e-02
390           	1.645598e-02	5.869682e-06	5.539711e-02
391           	1.591948e-02	5.849496e-06	5.605074e-02
392           	1.554046e-02	5.829377e-06	5.373149e-02
393           	1.486965e-02	5.809328e-06	5.634066e-02
394           	1.439483e-02	5.789345e-06	5.695700e-02
395           	1.396526e-02	5.769430e-06	5.714970e-02
396           	1.359868e-02	5.749583e-06	5.697223e-02
397           	1.329267e-02	5.729802e-06	5.678353e-02
398           	1.300365e-02	5.710088e-06	5.683776e-02
399           	1.272974e-02	5.690440e-06	5.697147e-02
400           	1.248561e-02	5.670859e-06	5.711774e-02
401           	1.229007e-02	5.651345e-06	5.729354e-02
402           	1.206416e-02	5.631897e-06	5.736887e-02
403           	1.195375e-02	5.612514e-06	5.746792e-02
404           	1.194342e-02	5.593197e-06	5.776219e-02
405           	1.198601e-02	5.573945e-06	5.787863e-02
406           	1.206636e-02	5.554759e-06	5.785414e-02
407           	1.223827e-02	5.535638e-06	5.671550e-02
408           	1.230559e-02	5.516580e-06	5.664452e-02
409           	1.242398e-02	5.497588e-06	5.683383e-02
410           	1.249992e-02	5.478660e-06	5.805805e-02
411           	1.255669e-02	5.459797e-06	5.763691e-02
412           	1.264345e-02	5.440997e-06	5.671960e-02
413           	1.274873e-02	5.422261e-06	5.615267e-02
414           	1.284622e-02	5.403588e-06	5.546456e-02
415           	1.292998e-02	5.384980e-06	5.398740e-02
416           	1.311446e-02	5.366432e-06	5.242095e-02
417           	1.327422e-02	5.347949e-06	5.258442e-02
418           	1.336620e-02	5.329528e-06	5.296611e-02
419           	1.344929e-02	5.311171e-06	5.238351e-02
420           	1.354964e-02	5.292875e-06	5.221946e-02
421           	1.364919e-02	5.274643e-06	5.258876e-02
422           	1.374804e-02	5.256471e-06	5.131553e-02
423           	1.383007e-02	5.238361e-06	5.074174e-02
424           	1.397193e-02	5.220313e-06	5.024340e-02
425           	1.399960e-02	5.202326e-06	5.397742e-02
426           	1.399129e-02	5.184401e-06	5.047806e-02
427           	1.405999e-02	5.166537e-06	5.138017e-02
428           	1.411075e-02	5.148732e-06	4.941622e-02
429           	1.419157e-02	5.130987e-06	4.906662e-02
430           	1.442006e-02	5.113303e-06	4.722789e-02
431           	1.432146e-02	5.095680e-06	4.605123e-02
432           	1.439253e-02	5.078115e-06	4.657194e-02
433           	1.435284e-02	5.060610e-06	4.498270e-02
434           	1.434835e-02	5.043165e-06	4.517391e-02
435           	1.427108e-02	5.025781e-06	4.587144e-02
436           	1.425982e-02	5.008453e-06	4.358904e-02
437           	1.402270e-02	4.991184e-06	4.433244e-02
438           	1.389210e-02	4.973973e-06	4.503809e-02
439           	1.384828e-02	4.956821e-06	4.434030e-02
440           	1.418907e-02	4.939730e-06	4.737337e-02
441           	1.424757e-02	4.922696e-06	4.577286e-02
442           	1.392531e-02	4.905721e-06	5.115901e-02
443           	1.371090e-02	4.888803e-06	5.043313e-02
444           	1.391214e-02	4.871940e-06	5.083889e-02
445           	1.433650e-02	4.855136e-06	5.636945e-02
446           	1.333805e-02	4.838389e-06	5.478960e-02
447           	1.430646e-02	4.821699e-06	5.524843e-02
448           	1.418963e-02	4.805063e-06	5.344364e-02
449           	1.341015e-02	4.788486e-06	6.050847e-02
450           	1.333695e-02	4.771960e-06	6.440923e-02
451           	1.404568e-02	4.755489e-06	6.120378e-02
452           	1.637652e-02	4.739074e-06	6.347161e-02
453           	1.455298e-02	4.722720e-06	6.472670e-02
454           	1.459574e-02	4.706419e-06	6.021357e-02
455           	1.666723e-02	4.690170e-06	6.032617e-02
456           	1.588310e-02	4.673978e-06	5.685909e-02
457           	1.405409e-02	4.657838e-06	5.706043e-02
458           	1.599383e-02	4.641755e-06	5.844968e-02
459           	2.433454e-02	4.625727e-06	6.471506e-02
460           	1.960674e-02	4.609754e-06	6.640884e-02
461           	1.787132e-02	4.593829e-06	7.511898e-02
462           	1.996593e-02	4.577959e-06	6.998000e-02
463           	2.082371e-02	4.562149e-06	6.984015e-02
464           	3.067254e-02	4.546390e-06	6.801043e-02
465           	3.322190e-02	4.530684e-06	8.915049e-02
466           	3.133279e-02	4.515028e-06	6.765133e-02
467           	3.077046e-02	4.499419e-06	6.134873e-02
468           	3.144197e-02	4.483860e-06	5.102089e-02
469           	4.099619e-02	4.468354e-06	6.524475e-02
470           	4.215791e-02	4.452910e-06	6.864569e-02
471           	3.515643e-02	4.437512e-06	8.349039e-02
472           	2.564605e-02	4.422160e-06	8.622106e-02
473           	4.257038e-02	4.406859e-06	1.309727e-01
474           	5.984183e-02	4.391618e-06	1.164332e-01
475           	7.004285e-02	4.376418e-06	1.249807e-01
476           	7.186137e-02	4.361282e-06	1.139554e-01
477           	8.825048e-02	4.346185e-06	1.293776e-01
478           	5.976656e-02	4.331135e-06	1.278435e-01
479           	8.584671e-02	4.316149e-06	1.369563e-01
480           	8.977050e-02	4.301198e-06	1.375107e-01
481           	7.777635e-02	4.286308e-06	1.343201e-01
482           	6.379667e-02	4.271448e-06	1.192810e-01
483           	5.902650e-02	4.256636e-06	1.186162e-01
484           	7.208556e-02	4.241872e-06	1.316754e-01
485           	1.324789e-01	4.227165e-06	1.830148e-01
486           	1.649430e-01	4.212505e-06	1.907898e-01
487           	1.237546e-01	4.197899e-06	1.746336e-01
488           	1.388028e-01	4.183332e-06	2.298863e-01
489           	1.583325e-01	4.168822e-06	2.330436e-01
490           	1.313530e-01	4.154350e-06	2.005454e-01
491           	1.602343e-01	4.139929e-06	2.477510e-01
492           	1.966023e-01	4.125554e-06	3.504356e-01
493           	1.605492e-01	4.111217e-06	2.195695e-01
494           	1.621519e-01	4.096936e-06	3.454856e-01
495           	1.362868e-01	4.082708e-06	4.456530e-01
496           	1.389564e-01	4.068520e-06	3.649340e-01
497           	1.389522e-01	4.054338e-06	3.392980e-01
498           	1.423739e-01	4.040204e-06	2.377915e-01
499           	1.193300e-01	4.026161e-06	2.595681e-01
500           	1.369390e-01	4.012145e-06	2.741278e-01
501           	1.703834e-01	3.998138e-06	3.037145e-01
502           	1.428132e-01	3.984193e-06	3.449370e-01
503           	1.460214e-01	3.970312e-06	3.547686e-01
504           	1.254887e-01	3.956432e-06	2.859290e-01
505           	1.166313e-01	3.942622e-06	2.294085e-01
506           	9.386726e-02	3.928869e-06	3.228978e-01
507           	1.259910e-01	3.915122e-06	4.021743e-01
508           	1.917219e-01	3.901445e-06	4.781727e-01
509           	1.229041e-01	3.887783e-06	4.050339e-01
510           	1.041951e-01	3.874147e-06	2.545463e-01
511           	1.067325e-01	3.860562e-06	3.129698e-01
512           	1.564175e-01	3.847048e-06	4.210980e-01
513           	1.501843e-01	3.833589e-06	5.204510e-01
514           	1.318451e-01	3.820093e-06	4.147991e-01
515           	1.650548e-01	3.806645e-06	5.528704e-01
516           	9.044871e-02	3.793286e-06	3.723044e-01
517           	6.234060e-02	3.779880e-06	2.393207e-01
518           	1.144617e-01	3.766515e-06	3.456397e-01
519           	1.926074e-01	3.753237e-06	4.955003e-01
520           	1.876720e-01	3.739925e-06	4.782986e-01
521           	1.908466e-01	3.726688e-06	5.824112e-01
522           	1.522698e-01	3.713469e-06	3.581947e-01
523           	1.960106e-01	3.700270e-06	4.659913e-01
524           	2.393063e-01	3.687207e-06	5.479967e-01
525           	2.297699e-01	3.674146e-06	5.487656e-01
526           	1.131497e-01	3.661073e-06	3.692573e-01
527           	1.870547e-01	3.648041e-06	6.610712e-01
528           	1.045760e-01	3.635030e-06	5.502037e-01
529           	1.461841e-01	3.622095e-06	4.904833e-01
530           	1.501581e-01	3.609130e-06	3.881476e-01
531           	1.567708e-01	3.596235e-06	5.017439e-01
532           	1.443638e-01	3.583364e-06	4.700355e-01
533           	1.348769e-01	3.570444e-06	3.907608e-01
534           	1.354346e-01	3.557628e-06	5.028143e-01
535           	1.148264e-01	3.544745e-06	4.823986e-01
536           	1.288969e-01	3.531808e-06	4.126750e-01
537           	1.260631e-01	3.518915e-06	3.973239e-01
538           	1.528909e-01	3.506185e-06	4.534981e-01
539           	2.290535e-01	3.493434e-06	5.809442e-01
540           	2.001651e-01	3.480757e-06	6.252186e-01
541           	1.968675e-01	3.468107e-06	4.805748e-01
542           	2.010115e-01	3.455392e-06	5.262287e-01
543           	1.575514e-01	3.442743e-06	3.423868e-01
544           	1.513341e-01	3.430128e-06	5.005697e-01
545           	1.266149e-01	3.417430e-06	3.576803e-01
546           	9.303875e-02	3.404628e-06	4.244725e-01
547           	1.114699e-01	3.391831e-06	2.832211e-01
548           	1.527851e-01	3.379078e-06	3.760311e-01
549           	1.970070e-01	3.366568e-06	5.221128e-01
550           	2.013671e-01	3.353824e-06	4.861165e-01
551           	1.886975e-01	3.341077e-06	5.520453e-01
552           	1.457624e-01	3.328476e-06	4.045589e-01
553           	2.685401e-01	3.315686e-06	5.887956e-01
554           	1.964139e-01	3.303117e-06	4.950653e-01
555           	1.561362e-01	3.290542e-06	3.689731e-01
556           	1.122815e-01	3.277601e-06	2.648942e-01
557           	1.042122e-01	3.264733e-06	3.318446e-01
558           	1.445049e-01	3.252255e-06	5.064757e-01
559           	1.772601e-01	3.239512e-06	5.230667e-01
560           	1.587765e-01	3.226842e-06	4.621965e-01
561           	1.680213e-01	3.213874e-06	4.286876e-01
562           	1.662969e-01	3.201204e-06	4.880706e-01
563           	8.605612e-02	3.188336e-06	2.934204e-01
564           	1.121305e-01	3.175292e-06	3.588810e-01
565           	1.314502e-01	3.162291e-06	4.863783e-01
566           	1.899459e-01	3.149710e-06	5.123231e-01
567           	1.718959e-01	3.137034e-06	5.968941e-01
568           	1.721317e-01	3.124292e-06	4.829480e-01
569           	1.245373e-01	3.111048e-06	3.529928e-01
570           	1.534418e-01	3.097744e-06	4.409154e-01
571           	1.771582e-01	3.084838e-06	4.704319e-01
572           	2.291999e-01	3.071810e-06	5.915542e-01
573           	2.246738e-01	3.058861e-06	7.567221e-01
574           	1.224571e-01	3.045927e-06	4.371030e-01
575           	1.596705e-01	3.032194e-06	3.530556e-01
576           	2.133429e-01	3.018543e-06	4.332253e-01
577           	1.957030e-01	3.005404e-06	5.225818e-01
578           	1.464730e-01	2.992290e-06	3.257733e-01
579           	1.298749e-01	2.978557e-06	3.358067e-01
580           	1.222453e-01	2.964940e-06	5.182787e-01
581           	7.512004e-02	2.951266e-06	4.112113e-01
582           	9.626989e-02	2.936505e-06	3.452088e-01
583           	1.518652e-01	2.921761e-06	3.818638e-01
584           	8.535233e-02	2.907064e-06	2.456492e-01
585           	1.568141e-01	2.893033e-06	3.499136e-01
586           	1.605026e-01	2.879037e-06	3.146961e-01
587           	2.009848e-01	2.864060e-06	4.177582e-01
588           	1.557281e-01	2.849417e-06	3.481929e-01
589           	1.806071e-01	2.833951e-06	3.749155e-01
590           	2.301438e-01	2.819523e-06	7.575170e-01
591           	1.367352e-01	2.805308e-06	4.083059e-01
592           	1.833335e-01	2.789378e-06	2.868935e-01
593           	2.126737e-01	2.773538e-06	3.619975e-01
594           	2.260364e-01	2.758311e-06	4.872595e-01
595           	2.335116e-01	2.743955e-06	5.138625e-01
596           	2.104567e-01	2.728376e-06	4.940058e-01
597           	1.612869e-01	2.712769e-06	5.051185e-01
598           	9.689763e-02	2.697425e-06	3.183344e-01
599           	1.405378e-01	2.679470e-06	2.359351e-01
600           	1.173711e-01	2.661261e-06	1.948843e-01
601           	1.420703e-01	2.643030e-06	4.565421e-01
602           	1.449081e-01	2.626562e-06	5.127688e-01
603           	1.227156e-01	2.607897e-06	3.350335e-01
604           	1.415860e-01	2.589274e-06	4.697412e-01
605           	1.602133e-01	2.571441e-06	4.885551e-01
606           	1.756305e-01	2.553995e-06	4.840486e-01
607           	1.512258e-01	2.535401e-06	4.292924e-01
608           	1.565253e-01	2.517417e-06	4.028308e-01
609           	1.296976e-01	2.497220e-06	4.944478e-01
610           	1.150857e-01	2.477968e-06	6.063965e-01
611           	9.685625e-02	2.456201e-06	4.362643e-01
612           	1.364504e-01	2.435398e-06	5.475850e-01
613           	6.016725e-02	2.412810e-06	3.344748e-01
614           	4.840164e-02	2.388762e-06	2.986035e-01
615           	1.212380e-01	2.364269e-06	4.209579e-01
616           	2.060526e-01	2.344269e-06	6.397673e-01
617           	1.825216e-01	2.320609e-06	5.204374e-01
618           	1.336075e-01	2.296652e-06	4.912030e-01
619           	2.292306e-01	2.270835e-06	6.517496e-01
620           	1.409238e-01	2.246953e-06	4.616222e-01
621           	1.561491e-01	2.223464e-06	4.506259e-01
622           	1.235324e-01	2.197916e-06	4.464661e-01
623           	1.325715e-01	2.172483e-06	2.595143e-01
624           	1.607446e-01	2.143401e-06	4.081370e-01
625           	1.533533e-01	2.113441e-06	4.477408e-01
626           	1.213144e-01	2.087210e-06	5.180666e-01
627           	1.280896e-01	2.060102e-06	4.202590e-01
628           	1.183412e-01	2.031739e-06	5.031115e-01
629           	1.239944e-01	2.000827e-06	4.206605e-01
630           	1.215460e-01	1.970208e-06	4.428379e-01
631           	1.458186e-01	1.935419e-06	5.688614e-01
632           	9.998755e-02	1.901380e-06	4.684701e-01
633           	1.125933e-01	1.869496e-06	4.385014e-01
634           	2.884558e-01	1.839432e-06	7.093757e-01
635           	2.530308e-01	1.805299e-06	5.378261e-01
636           	1.966073e-01	1.769528e-06	6.465058e-01
637           	1.558797e-01	1.734496e-06	5.465959e-01
638           	1.494143e-01	1.701196e-06	3.357496e-01
639           	1.973926e-01	1.668605e-06	3.933436e-01
640           	2.621549e-01	1.633159e-06	7.610973e-01
641           	1.693627e-01	1.599730e-06	5.101497e-01
642           	1.279522e-01	1.563544e-06	4.380914e-01
643           	1.457061e-01	1.527606e-06	5.310936e-01
644           	1.612092e-01	1.489380e-06	5.568012e-01
645           	1.592715e-01	1.454383e-06	3.598562e-01
646           	1.451344e-01	1.418652e-06	3.814299e-01
647           	1.731495e-01	1.381193e-06	3.547217e-01
648           	1.616538e-01	1.340098e-06	3.144210e-01
649           	1.858059e-01	1.300673e-06	3.995357e-01
650           	1.667817e-01	1.265337e-06	4.529218e-01
651           	1.558941e-01	1.234978e-06	5.022972e-01
652           	1.974558e-01	1.205309e-06	5.612055e-01
653           	2.166606e-01	1.185094e-06	4.946417e-01
654           	1.102753e-01	1.183057e-06	4.046630e-01
655           	1.072170e-01	1.190995e-06	3.199323e-01
656           	1.807183e-01	1.198725e-06	5.461499e-01
657           	1.470038e-01	1.217696e-06	4.387060e-01
658           	1.319280e-01	1.240198e-06	4.150414e-01
659           	1.096672e-01	1.281309e-06	3.728601e-01
660           	1.757642e-01	1.326793e-06	5.913996e-01
661           	1.172555e-01	1.365900e-06	4.921378e-01
662           	1.945871e-01	1.400649e-06	4.469414e-01
663           	1.662905e-01	1.443852e-06	5.065800e-01
664           	1.787965e-01	1.503971e-06	3.935013e-01
665           	1.377053e-01	1.560881e-06	4.584571e-01
666           	6.800143e-02	1.653397e-06	3.777269e-01
667           	1.052491e-01	1.748287e-06	4.478495e-01
668           	2.644536e-01	1.837839e-06	5.668485e-01
669           	2.717091e-01	1.895704e-06	5.823855e-01
670           	1.619842e-01	2.006942e-06	3.848401e-01
671           	1.866620e-01	2.125344e-06	3.986483e-01
672           	2.186235e-01	2.225221e-06	5.657275e-01
673           	1.642603e-01	2.364235e-06	5.321846e-01
674           	1.714565e-01	2.491195e-06	5.756904e-01
675           	1.278300e-01	2.624020e-06	4.877237e-01
676           	1.545125e-01	2.755738e-06	4.656316e-01
677           	1.355367e-01	2.873657e-06	4.440109e-01
678           	1.304109e-01	3.076618e-06	4.141283e-01
679           	1.345580e-01	3.280459e-06	4.427435e-01
680           	1.452062e-01	3.495608e-06	4.371928e-01
681           	2.503157e-01	3.650980e-06	6.721587e-01
682           	1.494448e-01	3.824065e-06	5.215004e-01
683           	1.401364e-01	4.013694e-06	4.960040e-01
684           	1.733251e-01	4.208246e-06	4.833494e-01
685           	1.468993e-01	4.431796e-06	4.398711e-01
686           	9.129401e-02	4.681461e-06	3.886809e-01
687           	1.267114e-01	4.943136e-06	4.814506e-01
688           	1.197348e-01	5.181501e-06	4.114942e-01
689           	1.579351e-01	5.537531e-06	5.797370e-01
690           	1.360839e-01	5.837483e-06	3.560554e-01
691           	1.815700e-01	6.157221e-06	4.189501e-01
692           	1.555944e-01	6.514663e-06	3.487151e-01
693           	2.447411e-01	6.861637e-06	5.884847e-01
694           	1.934413e-01	7.267517e-06	6.027135e-01
695           	1.611171e-01	7.692827e-06	5.328640e-01
696           	9.385953e-02	8.124206e-06	3.184554e-01
697           	5.020860e-02	8.598079e-06	1.986066e-01
698           	1.203427e-01	9.092464e-06	3.481743e-01
699           	2.347271e-01	9.504440e-06	5.073950e-01
700           	6.196138e-01	1.001890e-05	3.948930e-01
701           	3.252531e-01	1.026290e-05	5.449924e-01
702           	1.791527e-01	1.057866e-05	3.838724e-01
703           	1.141694e-01	1.086746e-05	2.890472e-01
704           	8.460205e-02	1.138317e-05	2.233765e-01
705           	6.508635e-02	1.185843e-05	1.641063e-01
706           	5.450109e-02	1.239665e-05	1.417208e-01
707           	4.798867e-02	1.291961e-05	1.220691e-01
708           	3.817083e-02	1.324241e-05	1.153474e-01
709           	2.724463e-02	1.384256e-05	9.424191e-02
710           	2.663203e-02	1.446226e-05	8.047977e-02
711           	2.757175e-02	1.505723e-05	8.546732e-02
712           	2.496390e-02	1.561475e-05	8.252462e-02
713           	3.531677e-02	1.603930e-05	5.296388e-02
714           	1.707666e-02	1.675089e-05	8.401940e-02
715           	2.001673e-02	1.746674e-05	7.150627e-02
716           	3.322772e-02	1.814302e-05	6.984293e-02
717           	4.043668e-02	1.865112e-05	5.234938e-02
718           	3.335334e-02	1.911320e-05	6.190818e-02
719           	3.569062e-02	1.994904e-05	6.428054e-02
720           	2.733147e-02	2.055634e-05	5.412178e-02
721           	1.920617e-02	2.130797e-05	3.147244e-02
722           	2.769885e-02	2.230203e-05	4.616206e-02
723           	5.082719e-02	2.303320e-05	6.683124e-02
724           	3.491324e-02	2.383707e-05	7.128090e-02
725           	5.235127e-02	2.453434e-05	8.410257e-02
726           	4.951713e-02	2.527021e-05	1.267247e-01
727           	5.151798e-02	2.598010e-05	1.621499e-01
728           	5.609869e-02	2.657588e-05	1.765553e-01
729           	5.406887e-02	2.734553e-05	1.149950e-01
730           	4.742803e-02	2.829215e-05	8.439835e-02
731           	5.315109e-02	2.937353e-05	8.024484e-02
732           	4.026962e-02	3.071305e-05	8.462775e-02
733           	4.852058e-02	3.197364e-05	8.474489e-02
734           	5.055227e-02	3.319198e-05	7.659510e-02
735           	4.818134e-02	3.429192e-05	5.455806e-02
736           	7.962958e-02	3.534537e-05	7.174581e-02
737           	7.201408e-02	3.664488e-05	7.863692e-02
738           	5.515005e-02	3.785365e-05	7.779501e-02
739           	4.042370e-02	3.944181e-05	8.728792e-02
740           	4.113080e-02	4.112991e-05	8.184659e-02
741           	8.401768e-02	4.248299e-05	1.648821e-01
742           	9.472977e-02	4.348253e-05	1.394573e-01
743           	1.085842e-01	4.478518e-05	1.546289e-01
744           	7.023956e-02	4.611108e-05	1.349400e-01
745           	6.813498e-02	4.809370e-05	1.103931e-01
746           	1.013649e-01	5.001384e-05	1.321325e-01
747           	8.840999e-02	5.162422e-05	9.974668e-02
748           	6.726670e-02	5.352443e-05	7.364039e-02
749           	1.045835e-01	5.581191e-05	1.236602e-01
750           	7.948796e-02	5.775132e-05	1.299590e-01
751           	1.039935e-01	5.922006e-05	2.078827e-01
752           	1.059111e-01	6.096497e-05	1.903816e-01
753           	4.071334e-02	6.237125e-05	1.373218e-01
754           	3.483014e-02	6.546625e-05	1.030119e-01
755           	5.217792e-02	6.787932e-05	1.091071e-01
756           	8.355475e-02	6.928226e-05	1.186522e-01
757           	1.001584e-01	7.253751e-05	1.445329e-01
758           	1.065172e-01	7.542885e-05	1.284218e-01
759           	1.170488e-01	7.718203e-05	2.365926e-01
760           	1.197891e-01	7.982331e-05	1.399835e-01
761           	1.367668e-01	8.203705e-05	2.997365e-01
762           	8.962845e-02	8.397563e-05	2.215396e-01
763           	6.822183e-02	8.779994e-05	1.042298e-01
764           	9.943444e-02	9.146351e-05	2.178146e-01
765           	7.176219e-02	9.502734e-05	1.887318e-01
766           	6.147599e-02	9.762863e-05	1.080683e-01
767           	6.149022e-02	1.007590e-04	1.221569e-01
768           	7.553668e-02	1.046852e-04	1.225031e-01
769           	1.681225e-01	1.088835e-04	1.720032e-01
770           	1.505285e-01	1.125306e-04	1.975342e-01
771           	1.433222e-01	1.144881e-04	1.811907e-01
772           	1.566450e-01	1.181385e-04	2.153589e-01
773           	1.118204e-01	1.212268e-04	2.189054e-01
774           	7.596760e-02	1.258755e-04	2.105354e-01
775           	6.103512e-02	1.300347e-04	1.812134e-01
776           	1.422808e-01	1.344234e-04	2.748396e-01
777           	1.687059e-01	1.379505e-04	2.788696e-01
778           	1.133017e-01	1.406626e-04	1.657236e-01
779           	1.330399e-01	1.456319e-04	2.760331e-01
780           	8.515937e-02	1.502763e-04	2.257050e-01
781           	8.806080e-02	1.545822e-04	2.210716e-01
782           	1.235955e-01	1.586018e-04	2.423878e-01
783           	2.009169e-01	1.631061e-04	3.013311e-01
784           	2.079625e-01	1.656295e-04	3.084956e-01
785           	2.201531e-01	1.697205e-04	3.558155e-01
786           	2.277573e-01	1.736185e-04	2.933775e-01
787           	1.553696e-01	1.773748e-04	2.825270e-01
788           	1.632807e-01	1.807287e-04	2.711625e-01
789           	1.369483e-01	1.833565e-04	2.136613e-01
790           	8.093627e-02	1.873031e-04	2.237046e-01
791           	9.864172e-02	1.910138e-04	1.856418e-01
792           	8.444652e-02	1.964374e-04	1.116626e-01
793           	1.189488e-01	2.004691e-04	1.573073e-01
794           	9.636098e-02	2.053488e-04	1.526037e-01
795           	1.190629e-01	2.102189e-04	1.987491e-01
796           	1.192393e-01	2.124768e-04	1.593467e-01
797           	1.052408e-01	2.166374e-04	1.745920e-01
798           	8.117496e-02	2.194921e-04	1.435485e-01
799           	8.924673e-02	2.242346e-04	1.291953e-01
800           	7.845941e-02	2.291135e-04	1.541569e-01
801           	1.380186e-01	2.310782e-04	1.950019e-01
802           	1.163913e-01	2.338445e-04	1.782100e-01
803           	9.122973e-02	2.377740e-04	1.372768e-01
804           	1.018711e-01	2.407175e-04	2.031927e-01
805           	1.117636e-01	2.433629e-04	1.556026e-01
806           	7.632938e-02	2.462436e-04	1.890343e-01
807           	7.893109e-02	2.492373e-04	1.578788e-01
808           	1.291321e-01	2.533177e-04	1.824152e-01
809           	1.208921e-01	2.562095e-04	1.681921e-01
810           	8.530127e-02	2.574606e-04	1.347075e-01
811           	1.008733e-01	2.596437e-04	1.649568e-01
812           	7.180806e-02	2.605958e-04	1.530674e-01
813           	6.364565e-02	2.623796e-04	1.092487e-01
814           	8.502528e-02	2.659240e-04	1.136516e-01
815           	8.444713e-02	2.686477e-04	1.239350e-01
816           	9.326188e-02	2.699123e-04	1.032869e-01
817           	1.002337e-01	2.714100e-04	1.075287e-01
818           	1.126192e-01	2.737951e-04	1.183542e-01
819           	8.268459e-02	2.745331e-04	9.360394e-02
820           	7.970048e-02	2.763949e-04	9.986731e-02
821           	8.286670e-02	2.789231e-04	1.036459e-01
822           	1.112560e-01	2.802765e-04	1.415830e-01
823           	6.179763e-02	2.802438e-04	1.123765e-01
824           	6.019546e-02	2.820901e-04	1.091661e-01
825           	6.010507e-02	2.836125e-04	9.236004e-02
826           	1.283597e-01	2.828016e-04	1.918434e-01
827           	5.840652e-02	2.822193e-04	1.225917e-01
828           	5.372414e-02	2.833566e-04	6.297147e-02
829           	7.653152e-02	2.828843e-04	1.323435e-01
830           	9.620368e-02	2.822273e-04	1.233868e-01
831           	8.370751e-02	2.816818e-04	1.151447e-01
832           	7.467545e-02	2.814006e-04	7.713398e-02
833           	7.176250e-02	2.818231e-04	1.076900e-01
834           	5.985997e-02	2.810701e-04	1.031175e-01
835           	6.882437e-02	2.799175e-04	1.375315e-01
836           	9.334661e-02	2.787436e-04	1.339261e-01
837           	6.615341e-02	2.777485e-04	7.504697e-02
838           	6.894739e-02	2.769533e-04	1.130721e-01
839           	6.402699e-02	2.753004e-04	8.123132e-02
840           	6.816725e-02	2.742161e-04	9.297533e-02
841           	6.194354e-02	2.730256e-04	8.066287e-02
842           	6.929008e-02	2.708659e-04	8.921212e-02
843           	7.437586e-02	2.691898e-04	8.285008e-02
844           	4.883280e-02	2.666374e-04	8.124108e-02
845           	4.908581e-02	2.637790e-04	6.777889e-02
846           	5.206152e-02	2.623421e-04	5.514176e-02
847           	4.443157e-02	2.604837e-04	6.219351e-02
848           	5.615102e-02	2.579597e-04	8.359789e-02
849           	6.143684e-02	2.553291e-04	7.483434e-02
850           	5.382298e-02	2.534600e-04	7.693156e-02
851           	4.184036e-02	2.511388e-04	5.935129e-02
852           	5.123347e-02	2.484549e-04	6.012477e-02
853           	4.476056e-02	2.456661e-04	7.854392e-02
854           	5.242644e-02	2.422135e-04	6.641720e-02
855           	4.317092e-02	2.390842e-04	6.399051e-02
856           	3.424504e-02	2.363952e-04	4.436558e-02
857           	4.023083e-02	2.330769e-04	5.093587e-02
858           	3.305542e-02	2.297093e-04	3.780187e-02
859           	4.468804e-02	2.260914e-04	4.616191e-02
860           	3.505892e-02	2.222983e-04	3.645796e-02
861           	2.468626e-02	2.188966e-04	3.549149e-02
862           	2.396218e-02	2.152338e-04	4.054169e-02
863           	3.153795e-02	2.114673e-04	2.531974e-02
864           	3.811808e-02	2.077485e-04	5.435582e-02
865           	3.974083e-02	2.039308e-04	6.894830e-02
866           	2.150498e-02	2.000593e-04	4.888228e-02
867           	1.912593e-02	1.963678e-04	3.786709e-02
868           	2.489919e-02	1.923804e-04	3.558913e-02
869           	2.113528e-02	1.884081e-04	2.652725e-02
870           	1.805587e-02	1.846424e-04	4.341426e-02
871           	2.008674e-02	1.806248e-04	4.585141e-02
872           	2.277304e-02	1.766517e-04	5.248768e-02
873           	1.854258e-02	1.727931e-04	5.114942e-02
874           	1.171435e-02	1.687590e-04	4.371308e-02
875           	1.523409e-02	1.647802e-04	4.637760e-02
876           	1.605395e-02	1.608746e-04	4.732747e-02
877           	1.976238e-02	1.569192e-04	5.184613e-02
878           	2.224625e-02	1.529940e-04	3.830172e-02
879           	1.546845e-02	1.490371e-04	4.765240e-02
880           	2.008929e-02	1.450752e-04	4.509695e-02
881           	1.702717e-02	1.411461e-04	4.725931e-02
882           	1.300628e-02	1.372271e-04	2.882963e-02
883           	1.755743e-02	1.333286e-04	4.106720e-02
884           	1.468171e-02	1.294047e-04	3.633234e-02
885           	1.517760e-02	1.254511e-04	3.786304e-02
886           	2.456410e-02	1.214387e-04	4.968703e-02
887           	2.547839e-02	1.175902e-04	3.983951e-02
888           	3.093255e-02	1.137993e-04	6.274405e-02
889           	2.236600e-02	1.099380e-04	5.067649e-02
890           	2.618821e-02	1.062597e-04	6.155184e-02
891           	2.510110e-02	1.025277e-04	6.159253e-02
892           	2.497003e-02	9.883194e-05	6.165188e-02
893           	2.131901e-02	9.518090e-05	7.047225e-02
894           	2.230105e-02	9.140724e-05	8.077007e-02
895           	3.145727e-02	8.775547e-05	6.604076e-02
896           	2.675613e-02	8.430617e-05	8.387643e-02
897           	2.520410e-02	8.119146e-05	7.262280e-02
898           	1.840565e-02	7.776651e-05	5.128767e-02
899           	2.200949e-02	7.433427e-05	3.808063e-02
900           	2.417872e-02	7.100583e-05	4.960363e-02
901           	3.096512e-02	6.782984e-05	5.414336e-02
902           	4.733705e-02	6.468968e-05	7.788993e-02
903           	5.372311e-02	6.159739e-05	9.698196e-02
904           	4.404137e-02	5.837158e-05	1.052875e-01
905           	4.716735e-02	5.536779e-05	7.791597e-02
906           	4.610465e-02	5.251781e-05	6.257051e-02
907           	4.123687e-02	4.983543e-05	1.122735e-01
908           	4.085270e-02	4.696992e-05	1.100606e-01
909           	4.742672e-02	4.413569e-05	7.933163e-02
910           	4.964590e-02	4.142852e-05	8.357518e-02
911           	5.317825e-02	3.885004e-05	8.199677e-02
912           	4.756784e-02	3.675250e-05	8.244214e-02
913           	3.642416e-02	3.441344e-05	6.633180e-02
914           	3.802029e-02	3.197333e-05	6.185172e-02
915           	2.780660e-02	2.957869e-05	5.442927e-02
916           	2.420413e-02	2.723988e-05	6.189508e-02
917           	4.881494e-02	2.522161e-05	9.096206e-02
918           	5.959119e-02	2.323085e-05	9.636828e-02
919           	4.987673e-02	2.131456e-05	8.028568e-02
920           	5.725903e-02	1.950244e-05	1.160164e-01
921           	3.077179e-02	1.758249e-05	8.060750e-02
922           	2.667801e-02	1.575675e-05	6.267286e-02
923           	4.284684e-02	1.412935e-05	1.009013e-01
924           	4.864286e-02	1.260733e-05	9.489980e-02
925           	4.775962e-02	1.134468e-05	1.451608e-01
926           	5.216610e-02	1.006687e-05	2.242464e-01
927           	4.292934e-02	9.080833e-06	2.815044e-01
928           	3.541341e-02	9.009742e-06	2.505337e-01
929           	3.382958e-02	9.119822e-06	2.091184e-01
930           	3.016738e-02	9.398454e-06	2.389959e-01
931           	4.035530e-02	9.972601e-06	2.305033e-01
932           	6.569349e-02	1.071114e-05	2.546176e-01
933           	6.051112e-02	1.145850e-05	4.230714e-01
934           	5.865838e-02	1.203159e-05	5.030441e-01
935           	5.955162e-02	1.268132e-05	3.479661e-01
936           	6.278122e-02	1.339807e-05	3.009906e-01
937           	5.763067e-02	1.413253e-05	2.324983e-01
938           	4.751351e-02	1.503890e-05	1.918887e-01
939           	5.100987e-02	1.580940e-05	1.439203e-01
940           	2.916701e-02	1.663913e-05	1.293056e-01
941           	5.066148e-02	1.744078e-05	1.098369e-01
942           	5.179567e-02	1.812893e-05	7.274683e-02
943           	5.421993e-02	1.900048e-05	8.955424e-02
944           	4.307338e-02	2.000199e-05	8.994069e-02
945           	4.383363e-02	2.107751e-05	1.023938e-01
946           	4.552799e-02	2.210574e-05	7.641390e-02
947           	3.044517e-02	2.312153e-05	8.079950e-02
948           	3.330829e-02	2.393790e-05	7.611323e-02
949           	4.253078e-02	2.499402e-05	4.818077e-02
950           	4.382864e-02	2.567188e-05	1.004048e-01
951           	2.611699e-02	2.637683e-05	1.294700e-01
952           	2.753542e-02	2.726813e-05	6.646016e-02
953           	2.864177e-02	2.790287e-05	6.964958e-02
954           	2.821434e-02	2.861019e-05	6.885979e-02
955           	2.609719e-02	2.917070e-05	6.260202e-02
956           	3.059275e-02	2.972062e-05	5.713174e-02
957           	3.532059e-02	3.023909e-05	6.420179e-02
958           	2.516694e-02	3.061082e-05	4.187177e-02
959           	2.578712e-02	3.122231e-05	4.182944e-02
960           	3.478846e-02	3.174739e-05	5.801738e-02
961           	3.444740e-02	3.198648e-05	5.832358e-02
962           	2.588292e-02	3.224843e-05	5.343244e-02
963           	2.849680e-02	3.267156e-05	4.430073e-02
964           	2.979471e-02	3.280879e-05	4.388439e-02
965           	2.123739e-02	3.299187e-05	3.286360e-02
966           	2.461094e-02	3.331258e-05	3.433110e-02
967           	2.054522e-02	3.353873e-05	3.290837e-02
968           	2.734668e-02	3.366405e-05	4.654495e-02
969           	2.928909e-02	3.385592e-05	4.332232e-02
970           	2.193215e-02	3.392228e-05	3.659318e-02
971           	1.907454e-02	3.408639e-05	3.272220e-02
972           	2.809174e-02	3.406490e-05	3.408916e-02
973           	2.163886e-02	3.412072e-05	3.957458e-02
974           	1.754856e-02	3.427959e-05	3.991577e-02
975           	1.602077e-02	3.432223e-05	2.556428e-02
976           	1.624503e-02	3.430754e-05	2.011002e-02
977           	2.017842e-02	3.434550e-05	2.482731e-02
978           	2.415199e-02	3.428874e-05	3.817902e-02
979           	1.207890e-02	3.412503e-05	2.376917e-02
980           	8.262907e-03	3.408863e-05	1.493499e-02
981           	1.330551e-02	3.402186e-05	1.855009e-02
982           	1.690988e-02	3.391094e-05	2.427661e-02
983           	1.290822e-02	3.368557e-05	2.026087e-02
984           	1.614783e-02	3.356535e-05	2.395639e-02
985           	1.492345e-02	3.338318e-05	2.013355e-02
986           	1.905129e-02	3.312653e-05	2.588944e-02
987           	1.195691e-02	3.292605e-05	1.731777e-02
988           	1.101750e-02	3.269505e-05	1.813277e-02
989           	1.378319e-02	3.244951e-05	2.105731e-02
990           	1.417333e-02	3.217426e-05	2.828836e-02
991           	1.229442e-02	3.186967e-05	3.004085e-02
992           	1.532208e-02	3.153299e-05	3.504331e-02
993           	1.324339e-02	3.123194e-05	3.046661e-02
994           	1.124422e-02	3.088566e-05	1.858472e-02
995           	1.007007e-02	3.054877e-05	1.764478e-02
996           	9.460389e-03	3.020115e-05	1.223490e-02
997           	1.116675e-02	2.983235e-05	2.275793e-02
998           	1.083812e-02	2.945940e-05	2.678799e-02
999           	6.106221e-03	2.906276e-05	2.326930e-02
1000          	6.896866e-03	2.867721e-05	1.508108e-02
1001          	6.193495e-03	2.828135e-05	1.317848e-02
1002          	5.398356e-03	2.789477e-05	1.097763e-02
1003          	6.210377e-03	2.749829e-05	1.350670e-02
1004          	5.646454e-03	2.706722e-05	1.673356e-02
1005          	5.448911e-03	2.663293e-05	1.691655e-02
1006          	7.509710e-03	2.618678e-05	2.288744e-02
1007          	5.286629e-03	2.574099e-05	1.885648e-02
1008          	8.185199e-03	2.530974e-05	2.528043e-02
1009          	1.976311e-02	2.485557e-05	1.899471e-02
1010          	1.932587e-02	2.449208e-05	7.279355e-02
1011          	1.664498e-02	2.413007e-05	8.594396e-02
1012          	1.378576e-02	2.376658e-05	6.946627e-02
1013          	1.114977e-02	2.340015e-05	5.249843e-02
1014          	8.004931e-03	2.303315e-05	3.675473e-02
1015          	7.015271e-03	2.266591e-05	2.573433e-02
1016          	5.700293e-03	2.229857e-05	1.652086e-02
1017          	5.591740e-03	2.193092e-05	1.099897e-02
1018          	5.812298e-03	2.156228e-05	1.182858e-02
1019          	6.015435e-03	2.119306e-05	1.599776e-02
1020          	6.389295e-03	2.082440e-05	1.863462e-02
1021          	6.660450e-03	2.045470e-05	2.219381e-02
1022          	6.798149e-03	2.008483e-05	2.255548e-02
1023          	6.967728e-03	1.971540e-05	2.509542e-02
1024          	7.252905e-03	1.934687e-05	2.419277e-02
1025          	7.387498e-03	1.897939e-05	2.701153e-02
1026          	7.200981e-03	1.861080e-05	2.606856e-02
1027          	7.260924e-03	1.824344e-05	2.805172e-02
1028          	6.818002e-03	1.787533e-05	2.689456e-02
1029          	7.906612e-03	1.750979e-05	3.095834e-02
1030          	6.701433e-03	1.714134e-05	2.537496e-02
1031          	7.816217e-03	1.678379e-05	3.230318e-02
1032          	7.383610e-03	1.641793e-05	3.000496e-02
1033          	1.061257e-02	1.605889e-05	2.945812e-02
1034          	1.248836e-02	1.579134e-05	4.710790e-02
1035          	1.099214e-02	1.552508e-05	6.063989e-02
1036          	8.885155e-03	1.526701e-05	5.008323e-02
1037          	6.766272e-03	1.501182e-05	3.487456e-02
1038          	7.070274e-03	1.475737e-05	2.335980e-02
1039          	6.258978e-03	1.449807e-05	1.022591e-02
1040          	6.786863e-03	1.424590e-05	8.696491e-03
