/*--------------------------------*- C++ -*----------------------------------*\
  =========                 |
  \\      /  F ield         | OpenFOAM: The Open Source CFD Toolbox
   \\    /   O peration     | Website:  https://openfoam.org
    \\  /    A nd           | Version:  10
     \\/     M anipulation  |
\*---------------------------------------------------------------------------*/
FoamFile
{
    format      ascii;
    class       volScalarField;
    location    "2500";
    object      p;
}
// * * * * * * * * * * * * * * * * * * * * * * * * * * * * * * * * * * * * * //

dimensions      [0 2 -2 0 0 0 0];

internalField   nonuniform List<scalar> 
400
(
4.68779e-10
8.11054e-06
3.70142e-06
-4.35871e-06
3.35818e-09
8.10777e-06
3.70028e-06
-4.35595e-06
4.96875e-09
8.10498e-06
3.69903e-06
-4.35318e-06
6.15014e-09
8.10282e-06
3.69776e-06
-4.35105e-06
7.55763e-09
8.10139e-06
3.69626e-06
-4.34966e-06
9.43772e-09
8.10124e-06
3.69433e-06
-4.34957e-06
1.20348e-08
8.10362e-06
3.69175e-06
-4.35202e-06
1.54118e-08
8.11022e-06
3.68839e-06
-4.35869e-06
1.97921e-08
8.12222e-06
3.68405e-06
-4.37078e-06
2.50422e-08
8.13888e-06
3.67883e-06
-4.38754e-06
3.0336e-08
8.15504e-06
3.67359e-06
-4.4038e-06
3.55568e-08
8.16789e-06
3.66839e-06
-4.41678e-06
4.21213e-08
8.17894e-06
3.66188e-06
-4.42796e-06
5.0774e-08
8.18848e-06
3.65325e-06
-4.43765e-06
6.23624e-08
8.19596e-06
3.64172e-06
-4.44528e-06
7.73807e-08
8.20111e-06
3.62671e-06
-4.4506e-06
9.63775e-08
8.20395e-06
3.60777e-06
-4.45361e-06
1.19529e-07
8.20509e-06
3.58463e-06
-4.45494e-06
1.47142e-07
8.20506e-06
3.55707e-06
-4.4551e-06
1.78717e-07
8.20447e-06
3.5255e-06
-4.45471e-06
2.13738e-07
8.2033e-06
3.49054e-06
-4.45375e-06
2.51207e-07
8.2016e-06
3.45307e-06
-4.45227e-06
2.90535e-07
8.19883e-06
3.4138e-06
-4.44972e-06
3.30799e-07
8.19463e-06
3.37354e-06
-4.44576e-06
3.71466e-07
8.18835e-06
3.33293e-06
-4.43972e-06
4.11418e-07
8.18003e-06
3.29298e-06
-4.43167e-06
4.49795e-07
8.17002e-06
3.25466e-06
-4.4219e-06
4.85343e-07
8.15976e-06
3.21911e-06
-4.41193e-06
5.18596e-07
8.15036e-06
3.18592e-06
-4.4028e-06
5.52217e-07
8.1416e-06
3.15229e-06
-4.39433e-06
5.91883e-07
8.12991e-06
3.11267e-06
-4.38291e-06
6.41061e-07
8.1108e-06
3.06348e-06
-4.36411e-06
6.96615e-07
8.08355e-06
3.00798e-06
-4.33716e-06
7.51631e-07
8.05115e-06
2.95296e-06
-4.30509e-06
8.0348e-07
8.0147e-06
2.90117e-06
-4.26896e-06
8.51514e-07
7.97498e-06
2.85315e-06
-4.22959e-06
8.96231e-07
7.9323e-06
2.80851e-06
-4.18725e-06
9.37197e-07
7.88742e-06
2.76756e-06
-4.14274e-06
9.74496e-07
7.84075e-06
2.73035e-06
-4.09642e-06
1.00742e-06
7.7927e-06
2.69746e-06
-4.04874e-06
1.03582e-06
7.74304e-06
2.66916e-06
-3.99945e-06
1.05892e-06
7.69188e-06
2.64612e-06
-3.94868e-06
1.07703e-06
7.63896e-06
2.62813e-06
-3.89612e-06
1.08987e-06
7.58451e-06
2.61538e-06
-3.84207e-06
1.09811e-06
7.5283e-06
2.60728e-06
-3.78624e-06
1.10172e-06
7.47041e-06
2.60379e-06
-3.72875e-06
1.10152e-06
7.41029e-06
2.60416e-06
-3.66901e-06
1.09759e-06
7.34792e-06
2.60825e-06
-3.60704e-06
1.09089e-06
7.28273e-06
2.61514e-06
-3.54223e-06
1.08133e-06
7.21446e-06
2.62489e-06
-3.47436e-06
1.06982e-06
7.14221e-06
2.63662e-06
-3.4025e-06
1.0565e-06
7.06551e-06
2.65015e-06
-3.3262e-06
1.04218e-06
6.98341e-06
2.66471e-06
-3.24447e-06
1.02661e-06
6.89731e-06
2.68051e-06
-3.15878e-06
1.01123e-06
6.80839e-06
2.69615e-06
-3.07024e-06
9.96515e-07
6.71583e-06
2.71111e-06
-2.97808e-06
9.83488e-07
6.61931e-06
2.72442e-06
-2.88195e-06
9.71294e-07
6.51912e-06
2.73688e-06
-2.78217e-06
9.59868e-07
6.41366e-06
2.74859e-06
-2.6771e-06
9.49449e-07
6.3047e-06
2.75929e-06
-2.56855e-06
9.4103e-07
6.19412e-06
2.76802e-06
-2.45837e-06
9.34768e-07
6.08142e-06
2.77458e-06
-2.34609e-06
9.30311e-07
5.96459e-06
2.77936e-06
-2.22967e-06
9.2632e-07
5.84287e-06
2.78369e-06
-2.10835e-06
9.22469e-07
5.71721e-06
2.7879e-06
-1.98308e-06
9.18119e-07
5.58975e-06
2.79261e-06
-1.85601e-06
9.1447e-07
5.45959e-06
2.79664e-06
-1.72623e-06
9.12196e-07
5.32635e-06
2.7993e-06
-1.59337e-06
9.1128e-07
5.19039e-06
2.80061e-06
-1.45778e-06
9.15012e-07
5.05346e-06
2.79728e-06
-1.32122e-06
9.24375e-07
4.91569e-06
2.78834e-06
-1.18381e-06
9.365e-07
4.77584e-06
2.77665e-06
-1.04431e-06
9.50944e-07
4.63346e-06
2.76267e-06
-9.02256e-07
9.67183e-07
4.48881e-06
2.74692e-06
-7.57923e-07
9.83803e-07
4.34192e-06
2.73082e-06
-6.11316e-07
9.98478e-07
4.19202e-06
2.71669e-06
-4.61681e-07
1.01609e-06
4.03979e-06
2.69964e-06
-3.09685e-07
1.03789e-06
3.88579e-06
2.67839e-06
-1.55907e-07
1.0589e-06
3.73038e-06
2.65791e-06
-6.9792e-10
1.07871e-06
3.57415e-06
2.63859e-06
1.55333e-07
1.09905e-06
3.41826e-06
2.6187e-06
3.11025e-07
1.1185e-06
3.26153e-06
2.59966e-06
4.67578e-07
1.13771e-06
3.10382e-06
2.58084e-06
6.25137e-07
1.16341e-06
2.95052e-06
2.55551e-06
7.78276e-07
1.19619e-06
2.80668e-06
2.52311e-06
9.21968e-07
1.22951e-06
2.67114e-06
2.49014e-06
1.05737e-06
1.2621e-06
2.54497e-06
2.45788e-06
1.18341e-06
1.29483e-06
2.42637e-06
2.42546e-06
1.30188e-06
1.32663e-06
2.31176e-06
2.39391e-06
1.41635e-06
1.35409e-06
2.19951e-06
2.36662e-06
1.52844e-06
1.37619e-06
2.09449e-06
2.34461e-06
1.63327e-06
1.39425e-06
2.00013e-06
2.32661e-06
1.72742e-06
1.40946e-06
1.91602e-06
2.31141e-06
1.81133e-06
1.42167e-06
1.84269e-06
2.2992e-06
1.8845e-06
1.42967e-06
1.78122e-06
2.29122e-06
1.94584e-06
1.43286e-06
1.73218e-06
2.28808e-06
1.9948e-06
1.43173e-06
1.69596e-06
2.28928e-06
2.03098e-06
1.42795e-06
1.67276e-06
2.29314e-06
2.0542e-06
1.42442e-06
1.66105e-06
2.29673e-06
2.06596e-06
1.42105e-06
1.65596e-06
2.30021e-06
2.07115e-06
)
;

boundaryField
{
    inlet
    {
        type            cyclic;
    }
    outlet
    {
        type            cyclic;
    }
    fixedWalls-bottom
    {
        type            zeroGradient;
    }
    fixedWalls-top
    {
        type            symmetry;
    }
    frontAndBack
    {
        type            empty;
    }
}


// ************************************************************************* //
