/*--------------------------------*- C++ -*----------------------------------*\
  =========                 |
  \\      /  F ield         | OpenFOAM: The Open Source CFD Toolbox
   \\    /   O peration     | Website:  https://openfoam.org
    \\  /    A nd           | Version:  10
     \\/     M anipulation  |
\*---------------------------------------------------------------------------*/
FoamFile
{
    format      ascii;
    class       volScalarField;
    location    "5260";
    object      p;
}
// * * * * * * * * * * * * * * * * * * * * * * * * * * * * * * * * * * * * * //

dimensions      [0 2 -2 0 0 0 0];

internalField   nonuniform List<scalar> 
400
(
-5.52853e-15
1.2584e-07
-1.57653e-08
-1.41562e-07
-2.17679e-10
1.25871e-07
-1.55476e-08
-1.41594e-07
-4.76094e-10
1.2591e-07
-1.52892e-08
-1.41633e-07
-6.17217e-10
1.25816e-07
-1.51481e-08
-1.41539e-07
-5.27044e-10
1.25302e-07
-1.52383e-08
-1.41025e-07
-1.51889e-10
1.24245e-07
-1.56135e-08
-1.39967e-07
5.22601e-10
1.22801e-07
-1.6288e-08
-1.38524e-07
1.46086e-09
1.21234e-07
-1.72262e-08
-1.36957e-07
2.64261e-09
1.1979e-07
-1.84079e-08
-1.35512e-07
4.03575e-09
1.18549e-07
-1.98011e-08
-1.34272e-07
5.33988e-09
1.17268e-07
-2.11051e-08
-1.32991e-07
5.77864e-09
1.15485e-07
-2.15438e-08
-1.31208e-07
5.17598e-09
1.13459e-07
-2.09412e-08
-1.29182e-07
3.97537e-09
1.11792e-07
-1.97407e-08
-1.27514e-07
2.28028e-09
1.10524e-07
-1.80457e-08
-1.26247e-07
9.0315e-11
1.09534e-07
-1.58558e-08
-1.25257e-07
-2.57321e-09
1.08701e-07
-1.31923e-08
-1.24424e-07
-5.63697e-09
1.07965e-07
-1.01286e-08
-1.23688e-07
-8.99861e-09
1.07308e-07
-6.76697e-09
-1.23031e-07
-1.25615e-08
1.06688e-07
-3.20409e-09
-1.2241e-07
-1.62291e-08
1.0606e-07
4.63428e-10
-1.21783e-07
-1.99058e-08
1.05403e-07
4.14015e-09
-1.21126e-07
-2.35025e-08
1.04727e-07
7.73681e-09
-1.2045e-07
-2.69369e-08
1.04076e-07
1.11712e-08
-1.19798e-07
-3.01093e-08
1.03512e-07
1.43436e-08
-1.19235e-07
-3.28933e-08
1.03126e-07
1.71276e-08
-1.18848e-07
-3.51717e-08
1.02966e-07
1.94061e-08
-1.18689e-07
-3.68497e-08
1.02957e-07
2.1084e-08
-1.1868e-07
-3.78187e-08
1.02901e-07
2.20529e-08
-1.18624e-07
-3.80891e-08
1.02521e-07
2.23233e-08
-1.18244e-07
-3.80218e-08
1.01871e-07
2.22559e-08
-1.17594e-07
-3.80636e-08
1.01275e-07
2.22976e-08
-1.16998e-07
-3.84015e-08
1.00823e-07
2.26354e-08
-1.16546e-07
-3.90273e-08
1.00447e-07
2.32612e-08
-1.1617e-07
-3.98563e-08
1.00062e-07
2.40902e-08
-1.15785e-07
-4.07985e-08
9.96176e-08
2.50324e-08
-1.15341e-07
-4.17916e-08
9.91089e-08
2.60254e-08
-1.14832e-07
-4.28128e-08
9.85655e-08
2.70465e-08
-1.14288e-07
-4.38716e-08
9.80434e-08
2.81053e-08
-1.13766e-07
-4.49855e-08
9.76185e-08
2.92192e-08
-1.13342e-07
-4.61472e-08
9.73758e-08
3.03808e-08
-1.13099e-07
-4.72914e-08
9.73827e-08
3.1525e-08
-1.13106e-07
-4.82844e-08
9.76428e-08
3.25179e-08
-1.13366e-07
-4.89566e-08
9.80303e-08
3.31901e-08
-1.13753e-07
-4.92104e-08
9.82278e-08
3.34438e-08
-1.13951e-07
-4.92082e-08
9.77194e-08
3.34417e-08
-1.13443e-07
-4.96036e-08
9.59128e-08
3.38372e-08
-1.11636e-07
-5.17029e-08
9.24435e-08
3.59365e-08
-1.08166e-07
-5.73441e-08
8.7619e-08
4.15773e-08
-1.0334e-07
-6.80633e-08
8.27214e-08
5.22959e-08
-9.84402e-08
-8.28213e-08
7.95262e-08
6.70541e-08
-9.52442e-08
-9.45514e-08
7.84552e-08
7.87842e-08
-9.41775e-08
-9.15036e-08
7.68844e-08
7.57351e-08
-9.2613e-08
-7.65322e-08
7.34793e-08
6.0763e-08
-8.92107e-08
-6.08757e-08
6.9407e-08
4.5107e-08
-8.51377e-08
-4.62644e-08
6.50291e-08
3.04963e-08
-8.07584e-08
-3.20988e-08
6.04468e-08
1.63312e-08
-7.6175e-08
-1.81152e-08
5.5832e-08
2.34806e-09
-7.15591e-08
-4.39917e-09
5.13854e-08
-1.13676e-08
-6.71114e-08
8.86298e-09
4.71903e-08
-2.46295e-08
-6.29152e-08
2.14802e-08
4.32513e-08
-3.72467e-08
-5.89753e-08
3.33385e-08
3.97181e-08
-4.9105e-08
-5.54412e-08
4.44577e-08
3.6944e-08
-6.02244e-08
-5.26663e-08
5.48541e-08
3.47672e-08
-7.0621e-08
-5.04887e-08
6.45375e-08
3.26518e-08
-8.03044e-08
-4.83729e-08
7.34133e-08
3.04968e-08
-8.91802e-08
-4.62177e-08
8.13527e-08
2.84662e-08
-9.71198e-08
-4.41871e-08
8.83639e-08
2.67365e-08
-1.04131e-07
-4.24575e-08
9.44202e-08
2.54041e-08
-1.10188e-07
-4.11253e-08
9.95789e-08
2.43828e-08
-1.15346e-07
-4.01042e-08
1.03987e-07
2.34805e-08
-1.19754e-07
-3.9202e-08
1.07661e-07
2.2605e-08
-1.23429e-07
-3.83268e-08
1.10519e-07
2.18034e-08
-1.26286e-07
-3.75256e-08
1.12516e-07
2.11589e-08
-1.28284e-07
-3.68814e-08
1.13673e-07
2.07045e-08
-1.29441e-07
-3.64272e-08
1.14073e-07
2.04507e-08
-1.29841e-07
-3.61736e-08
1.13774e-07
2.03149e-08
-1.29542e-07
-3.60381e-08
1.12715e-07
2.00965e-08
-1.28482e-07
-3.58199e-08
1.10777e-07
1.98669e-08
-1.26545e-07
-3.55905e-08
1.08112e-07
1.98494e-08
-1.2388e-07
-3.5573e-08
1.0484e-07
2.00133e-08
-1.20608e-07
-3.5737e-08
1.01062e-07
2.041e-08
-1.16829e-07
-3.61336e-08
9.72014e-08
2.09933e-08
-1.12969e-07
-3.67169e-08
9.3307e-08
2.16011e-08
-1.09075e-07
-3.73246e-08
8.91287e-08
2.22534e-08
-1.04896e-07
-3.79769e-08
8.46059e-08
2.29082e-08
-1.00374e-07
-3.86316e-08
7.97521e-08
2.34931e-08
-9.55197e-08
-3.92163e-08
7.47426e-08
2.42591e-08
-9.05103e-08
-3.99823e-08
6.9806e-08
2.53513e-08
-8.55736e-08
-4.10744e-08
6.50133e-08
2.65285e-08
-8.07808e-08
-4.22516e-08
6.03986e-08
2.76925e-08
-7.61662e-08
-4.34154e-08
5.5854e-08
2.8722e-08
-7.16215e-08
-4.44448e-08
5.12219e-08
2.94831e-08
-6.69894e-08
-4.52058e-08
4.69054e-08
3.00665e-08
-6.26728e-08
-4.57891e-08
4.35649e-08
3.06412e-08
-5.93323e-08
-4.63638e-08
4.11434e-08
3.12071e-08
-5.69108e-08
-4.69298e-08
3.9263e-08
3.1667e-08
-5.50304e-08
-4.73898e-08
3.78308e-08
3.20121e-08
-5.35982e-08
-4.7735e-08
3.68591e-08
3.22726e-08
-5.26265e-08
-4.79954e-08
3.63118e-08
3.24726e-08
-5.20792e-08
-4.81955e-08
)
;

boundaryField
{
    inlet
    {
        type            cyclic;
    }
    outlet
    {
        type            cyclic;
    }
    fixedWalls-bottom
    {
        type            zeroGradient;
    }
    fixedWalls-top
    {
        type            symmetry;
    }
    frontAndBack
    {
        type            empty;
    }
}


// ************************************************************************* //
