/*--------------------------------*- C++ -*----------------------------------*\
  =========                 |
  \\      /  F ield         | OpenFOAM: The Open Source CFD Toolbox
   \\    /   O peration     | Website:  https://openfoam.org
    \\  /    A nd           | Version:  10
     \\/     M anipulation  |
\*---------------------------------------------------------------------------*/
FoamFile
{
    format      ascii;
    class       volVectorField;
    location    "1932";
    object      U;
}
// * * * * * * * * * * * * * * * * * * * * * * * * * * * * * * * * * * * * * //

dimensions      [0 1 -1 0 0 0 0];

internalField   nonuniform List<vector> 
400
(
(0.00879523 -2.18336e-10 0)
(0.00879509 2.77545e-10 0)
(0.00879473 2.36285e-10 0)
(0.00879479 -2.77581e-10 0)
(0.0264285 -2.92531e-09 0)
(0.0264281 4.70797e-09 0)
(0.026427 2.9702e-09 0)
(0.0264272 -4.7081e-09 0)
(0.0442267 -8.30903e-09 0)
(0.044226 1.40825e-08 0)
(0.0442241 8.35058e-09 0)
(0.0442245 -1.40828e-08 0)
(0.0621897 -1.63702e-08 0)
(0.0621885 2.89293e-08 0)
(0.062186 1.64098e-08 0)
(0.0621866 -2.89297e-08 0)
(0.080317 -2.69536e-08 0)
(0.0803155 4.951e-08 0)
(0.0803121 2.69921e-08 0)
(0.0803131 -4.95105e-08 0)
(0.0986083 -3.99378e-08 0)
(0.0986063 7.61823e-08 0)
(0.0986022 3.99756e-08 0)
(0.0986034 -7.61829e-08 0)
(0.117063 -5.52093e-08 0)
(0.11706 1.09371e-07 0)
(0.117056 5.52469e-08 0)
(0.117057 -1.09371e-07 0)
(0.13568 -7.26373e-08 0)
(0.135677 1.49532e-07 0)
(0.135672 7.26746e-08 0)
(0.135674 -1.49532e-07 0)
(0.15446 -9.20657e-08 0)
(0.154456 1.97149e-07 0)
(0.15445 9.21028e-08 0)
(0.154452 -1.9715e-07 0)
(0.1734 -1.13311e-07 0)
(0.173396 2.52737e-07 0)
(0.173388 1.13348e-07 0)
(0.173391 -2.52738e-07 0)
(0.1925 -1.36162e-07 0)
(0.192494 3.16844e-07 0)
(0.192487 1.36198e-07 0)
(0.19249 -3.16845e-07 0)
(0.211757 -1.60368e-07 0)
(0.211751 3.90048e-07 0)
(0.211742 1.60404e-07 0)
(0.211747 -3.90049e-07 0)
(0.23117 -1.85646e-07 0)
(0.231163 4.72956e-07 0)
(0.231154 1.85681e-07 0)
(0.231159 -4.72957e-07 0)
(0.250736 -2.11664e-07 0)
(0.250728 5.66195e-07 0)
(0.250718 2.11699e-07 0)
(0.250723 -5.66197e-07 0)
(0.27045 -2.38045e-07 0)
(0.270441 6.70401e-07 0)
(0.27043 2.38079e-07 0)
(0.270437 -6.70402e-07 0)
(0.290308 -2.6436e-07 0)
(0.290298 7.86184e-07 0)
(0.290286 2.64394e-07 0)
(0.290293 -7.86186e-07 0)
(0.310301 -2.90127e-07 0)
(0.310291 9.14089e-07 0)
(0.310278 2.9016e-07 0)
(0.310286 -9.1409e-07 0)
(0.330421 -3.14815e-07 0)
(0.330409 1.0545e-06 0)
(0.330396 3.14848e-07 0)
(0.330405 -1.05451e-06 0)
(0.350652 -3.37853e-07 0)
(0.350639 1.20751e-06 0)
(0.350625 3.37886e-07 0)
(0.350635 -1.20752e-06 0)
(0.370974 -3.58657e-07 0)
(0.37096 1.37265e-06 0)
(0.370945 3.5869e-07 0)
(0.370956 -1.37265e-06 0)
(0.391356 -3.76667e-07 0)
(0.391341 1.54848e-06 0)
(0.391326 3.76699e-07 0)
(0.391338 -1.54849e-06 0)
(0.411754 -3.91407e-07 0)
(0.41174 1.73218e-06 0)
(0.411725 3.91439e-07 0)
(0.411737 -1.73218e-06 0)
(0.432106 -4.02665e-07 0)
(0.432092 1.91837e-06 0)
(0.432077 4.02696e-07 0)
(0.43209 -1.91837e-06 0)
(0.452318 -4.11162e-07 0)
(0.452307 2.09575e-06 0)
(0.452293 4.11193e-07 0)
(0.452306 -2.09575e-06 0)
(0.472263 -4.1993e-07 0)
(0.472257 2.23998e-06 0)
(0.472244 4.19959e-07 0)
(0.472255 -2.23998e-06 0)
(0.491766 -4.34266e-07 0)
(0.491767 2.31391e-06 0)
(0.491758 4.34298e-07 0)
(0.491765 -2.31391e-06 0)
(0.51078 -4.46003e-07 0)
(0.510787 2.34955e-06 0)
(0.510781 4.46034e-07 0)
(0.510785 -2.34956e-06 0)
(0.529486 -4.5668e-07 0)
(0.529492 2.33528e-06 0)
(0.529487 4.56708e-07 0)
(0.529492 -2.33528e-06 0)
(0.548012 -4.55223e-07 0)
(0.548017 2.32306e-06 0)
(0.548013 4.55251e-07 0)
(0.548019 -2.32306e-06 0)
(0.566357 -4.41203e-07 0)
(0.566362 2.31471e-06 0)
(0.566358 4.41232e-07 0)
(0.566364 -2.31472e-06 0)
(0.584518 -4.15104e-07 0)
(0.584521 2.30848e-06 0)
(0.584519 4.15132e-07 0)
(0.584526 -2.30848e-06 0)
(0.602493 -3.76898e-07 0)
(0.602495 2.30543e-06 0)
(0.602493 3.76926e-07 0)
(0.602501 -2.30544e-06 0)
(0.620282 -3.2632e-07 0)
(0.620282 2.30818e-06 0)
(0.620281 3.26348e-07 0)
(0.62029 -2.30818e-06 0)
(0.637887 -2.63048e-07 0)
(0.637886 2.31973e-06 0)
(0.637884 2.63075e-07 0)
(0.637895 -2.31974e-06 0)
(0.655311 -1.86664e-07 0)
(0.655308 2.34339e-06 0)
(0.655307 1.86691e-07 0)
(0.65532 -2.3434e-06 0)
(0.672558 -9.68167e-08 0)
(0.672553 2.3819e-06 0)
(0.672551 9.6843e-08 0)
(0.672566 -2.38191e-06 0)
(0.689627 6.7701e-09 0)
(0.689621 2.43739e-06 0)
(0.689619 -6.74416e-09 0)
(0.689635 -2.43739e-06 0)
(0.706518 1.24055e-07 0)
(0.70651 2.5106e-06 0)
(0.706508 -1.2403e-07 0)
(0.706526 -2.5106e-06 0)
(0.723229 2.54674e-07 0)
(0.723218 2.60118e-06 0)
(0.723216 -2.54649e-07 0)
(0.723236 -2.60118e-06 0)
(0.739754 3.97926e-07 0)
(0.739742 2.70799e-06 0)
(0.73974 -3.97902e-07 0)
(0.739761 -2.70799e-06 0)
(0.756089 5.52759e-07 0)
(0.756076 2.82926e-06 0)
(0.756073 -5.52735e-07 0)
(0.756096 -2.82926e-06 0)
(0.772229 7.17745e-07 0)
(0.772215 2.9627e-06 0)
(0.772213 -7.17721e-07 0)
(0.772236 -2.9627e-06 0)
(0.788169 8.91036e-07 0)
(0.788154 3.10555e-06 0)
(0.788152 -8.91012e-07 0)
(0.788175 -3.10555e-06 0)
(0.803903 1.07032e-06 0)
(0.803887 3.25457e-06 0)
(0.803886 -1.07029e-06 0)
(0.803909 -3.25458e-06 0)
(0.819426 1.25275e-06 0)
(0.81941 3.40606e-06 0)
(0.819409 -1.25272e-06 0)
(0.819432 -3.40607e-06 0)
(0.834733 1.43495e-06 0)
(0.834717 3.55585e-06 0)
(0.834716 -1.43492e-06 0)
(0.834738 -3.55585e-06 0)
(0.849818 1.61309e-06 0)
(0.849804 3.69934e-06 0)
(0.849803 -1.61307e-06 0)
(0.849823 -3.69934e-06 0)
(0.864679 1.78304e-06 0)
(0.864665 3.8316e-06 0)
(0.864665 -1.78302e-06 0)
(0.864684 -3.8316e-06 0)
(0.879311 1.94052e-06 0)
(0.879299 3.9475e-06 0)
(0.879299 -1.9405e-06 0)
(0.879315 -3.9475e-06 0)
(0.893711 2.08125e-06 0)
(0.893701 4.04185e-06 0)
(0.893702 -2.08123e-06 0)
(0.893716 -4.04185e-06 0)
(0.907878 2.20107e-06 0)
(0.907871 4.10956e-06 0)
(0.907873 -2.20104e-06 0)
(0.907882 -4.10956e-06 0)
(0.921811 2.29604e-06 0)
(0.921806 4.14588e-06 0)
(0.921809 -2.29601e-06 0)
(0.921815 -4.14589e-06 0)
(0.93551 2.36256e-06 0)
(0.935508 4.14661e-06 0)
(0.935512 -2.36254e-06 0)
(0.935513 -4.14661e-06 0)
(0.948977 2.39757e-06 0)
(0.948977 4.1083e-06 0)
(0.948983 -2.39755e-06 0)
(0.948979 -4.10831e-06 0)
(0.962213 2.39874e-06 0)
(0.962216 4.02857e-06 0)
(0.962223 -2.39872e-06 0)
(0.962214 -4.02857e-06 0)
(0.975223 2.36492e-06 0)
(0.975228 3.9062e-06 0)
(0.975238 -2.3649e-06 0)
(0.975223 -3.9062e-06 0)
(0.988014 2.29683e-06 0)
(0.988021 3.74123e-06 0)
(0.988032 -2.29681e-06 0)
(0.988013 -3.74124e-06 0)
(1.00059 2.1983e-06 0)
(1.0006 3.53475e-06 0)
(1.00061 -2.19828e-06 0)
(1.00059 -3.53476e-06 0)
(1.01296 2.07722e-06 0)
(1.01298 3.28844e-06 0)
(1.01299 -2.0772e-06 0)
(1.01296 -3.28845e-06 0)
(1.02514 1.94271e-06 0)
(1.02516 3.00478e-06 0)
(1.02517 -1.94269e-06 0)
(1.02514 -3.00479e-06 0)
(1.03714 1.80423e-06 0)
(1.03716 2.68667e-06 0)
(1.03717 -1.80421e-06 0)
(1.03714 -2.68668e-06 0)
(1.04897 1.66782e-06 0)
(1.04898 2.33767e-06 0)
(1.049 -1.6678e-06 0)
(1.04897 -2.33768e-06 0)
(1.06064 1.53578e-06 0)
(1.06065 1.96169e-06 0)
(1.06067 -1.53577e-06 0)
(1.06064 -1.96169e-06 0)
(1.07216 1.40682e-06 0)
(1.07218 1.56269e-06 0)
(1.0722 -1.4068e-06 0)
(1.07217 -1.56269e-06 0)
(1.08355 1.27615e-06 0)
(1.08356 1.14456e-06 0)
(1.08359 -1.27613e-06 0)
(1.08355 -1.14457e-06 0)
(1.09481 1.1354e-06 0)
(1.09483 7.11162e-07 0)
(1.09485 -1.13538e-06 0)
(1.09482 -7.11166e-07 0)
(1.10597 9.72512e-07 0)
(1.10599 2.66467e-07 0)
(1.10601 -9.72496e-07 0)
(1.10597 -2.6647e-07 0)
(1.11703 7.71424e-07 0)
(1.11705 -1.8504e-07 0)
(1.11707 -7.71409e-07 0)
(1.11703 1.85037e-07 0)
(1.12801 5.11647e-07 0)
(1.12804 -6.37614e-07 0)
(1.12805 -5.11632e-07 0)
(1.12801 6.37612e-07 0)
(1.13893 1.67738e-07 0)
(1.13896 -1.08309e-06 0)
(1.13897 -1.67727e-07 0)
(1.13892 1.08309e-06 0)
(1.1498 -2.90824e-07 0)
(1.14983 -1.50934e-06 0)
(1.14984 2.90823e-07 0)
(1.14978 1.50935e-06 0)
(1.16065 -8.99032e-07 0)
(1.16067 -1.89757e-06 0)
(1.16067 8.99012e-07 0)
(1.16061 1.89759e-06 0)
(1.17148 -1.69922e-06 0)
(1.1715 -2.21595e-06 0)
(1.1715 1.69924e-06 0)
(1.17143 2.21595e-06 0)
(1.18231 -2.75677e-06 0)
(1.18233 -2.40359e-06 0)
(1.18231 2.75706e-06 0)
(1.18223 2.40345e-06 0)
(1.19316 -4.16651e-06 0)
(1.19317 -2.35786e-06 0)
(1.19315 4.167e-06 0)
(1.19306 2.35751e-06 0)
(1.20407 -5.90082e-06 0)
(1.20407 -2.0141e-06 0)
(1.20404 5.8996e-06 0)
(1.20394 2.01445e-06 0)
(1.21525 -7.21094e-06 0)
(1.21524 -1.70826e-06 0)
(1.21522 7.21044e-06 0)
(1.21515 1.70896e-06 0)
(1.22707 -8.00049e-06 0)
(1.22706 -1.35284e-06 0)
(1.22706 8.00176e-06 0)
(1.22706 1.3522e-06 0)
(1.23979 -7.57802e-06 0)
(1.23978 -1.31581e-06 0)
(1.23979 7.57808e-06 0)
(1.23985 1.31583e-06 0)
(1.2534 -6.30563e-06 0)
(1.25338 -1.38971e-06 0)
(1.25341 6.30536e-06 0)
(1.25349 1.3898e-06 0)
(1.26773 -4.67999e-06 0)
(1.26771 -1.44658e-06 0)
(1.26773 4.67989e-06 0)
(1.26782 1.44653e-06 0)
(1.28247 -3.09495e-06 0)
(1.28245 -1.41319e-06 0)
(1.28247 3.09501e-06 0)
(1.28256 1.4131e-06 0)
(1.29731 -1.75388e-06 0)
(1.29729 -1.27518e-06 0)
(1.2973 1.75398e-06 0)
(1.29737 1.27513e-06 0)
(1.31197 -7.32401e-07 0)
(1.31196 -1.05044e-06 0)
(1.31196 7.32476e-07 0)
(1.31202 1.05041e-06 0)
(1.32629 -6.06584e-09 0)
(1.32628 -7.71175e-07 0)
(1.32627 6.1122e-09 0)
(1.32632 7.71158e-07 0)
(1.34014 4.69183e-07 0)
(1.34013 -4.77455e-07 0)
(1.34012 -4.69149e-07 0)
(1.34015 4.77438e-07 0)
(1.35343 7.44396e-07 0)
(1.35343 -1.99803e-07 0)
(1.35342 -7.4437e-07 0)
(1.35344 1.99785e-07 0)
(1.3661 8.70789e-07 0)
(1.3661 3.92928e-08 0)
(1.36609 -8.70767e-07 0)
(1.36611 -3.93105e-08 0)
(1.3781 8.93797e-07 0)
(1.3781 2.27762e-07 0)
(1.37809 -8.93777e-07 0)
(1.3781 -2.27779e-07 0)
(1.38935 8.50097e-07 0)
(1.38935 3.62448e-07 0)
(1.38935 -8.50079e-07 0)
(1.38935 -3.62464e-07 0)
(1.39982 7.67688e-07 0)
(1.39983 4.4619e-07 0)
(1.39982 -7.67672e-07 0)
(1.39982 -4.46204e-07 0)
(1.40946 6.66855e-07 0)
(1.40947 4.85307e-07 0)
(1.40946 -6.6684e-07 0)
(1.40946 -4.8532e-07 0)
(1.41822 5.61324e-07 0)
(1.41822 4.87729e-07 0)
(1.41822 -5.6131e-07 0)
(1.41822 -4.8774e-07 0)
(1.42605 4.59562e-07 0)
(1.42605 4.61666e-07 0)
(1.42605 -4.5955e-07 0)
(1.42605 -4.61676e-07 0)
(1.4329 3.66045e-07 0)
(1.43291 4.147e-07 0)
(1.43291 -3.66036e-07 0)
(1.43291 -4.14708e-07 0)
(1.43874 2.82379e-07 0)
(1.43874 3.53243e-07 0)
(1.43874 -2.82371e-07 0)
(1.43874 -3.53249e-07 0)
(1.44351 2.08222e-07 0)
(1.44351 2.82322e-07 0)
(1.44351 -2.08217e-07 0)
(1.44351 -2.82327e-07 0)
(1.44715 1.42085e-07 0)
(1.44716 2.05566e-07 0)
(1.44716 -1.42082e-07 0)
(1.44715 -2.05569e-07 0)
(1.44963 8.21592e-08 0)
(1.44964 1.25099e-07 0)
(1.44964 -8.21574e-08 0)
(1.44963 -1.25101e-07 0)
(1.45089 2.6926e-08 0)
(1.45089 4.21177e-08 0)
(1.45089 -2.69258e-08 0)
(1.45089 -4.21181e-08 0)
)
;

boundaryField
{
    inlet
    {
        type            cyclic;
    }
    outlet
    {
        type            cyclic;
    }
    fixedWalls-bottom
    {
        type            noSlip;
    }
    fixedWalls-top
    {
        type            symmetry;
    }
    frontAndBack
    {
        type            empty;
    }
}


// ************************************************************************* //
