/*--------------------------------*- C++ -*----------------------------------*\
  =========                 |
  \\      /  F ield         | OpenFOAM: The Open Source CFD Toolbox
   \\    /   O peration     | Website:  https://openfoam.org
    \\  /    A nd           | Version:  10
     \\/     M anipulation  |
\*---------------------------------------------------------------------------*/
FoamFile
{
    format      ascii;
    class       volVectorField;
    location    "2500";
    object      U;
}
// * * * * * * * * * * * * * * * * * * * * * * * * * * * * * * * * * * * * * //

dimensions      [0 1 -1 0 0 0 0];

internalField   nonuniform List<vector> 
400
(
(0.0967089 -3.40965e-09 0)
(0.0967123 -2.33457e-09 0)
(0.0967133 3.93814e-09 0)
(0.0967051 2.11561e-09 0)
(0.289257 -8.029e-08 0)
(0.289268 -4.09715e-08 0)
(0.28927 7.31583e-08 0)
(0.289245 4.14818e-08 0)
(0.467393 -2.16706e-07 0)
(0.467408 -1.19662e-07 0)
(0.46741 2.13791e-07 0)
(0.467374 1.19505e-07 0)
(0.602032 -3.88442e-07 0)
(0.602047 -2.07507e-07 0)
(0.602048 3.86294e-07 0)
(0.602011 2.07065e-07 0)
(0.691988 -5.55179e-07 0)
(0.692 -2.78893e-07 0)
(0.692001 5.53683e-07 0)
(0.691967 2.78245e-07 0)
(0.752678 -7.03598e-07 0)
(0.752687 -3.3109e-07 0)
(0.752687 7.02528e-07 0)
(0.752659 3.30305e-07 0)
(0.79541 -8.31124e-07 0)
(0.795416 -3.67411e-07 0)
(0.795416 8.30356e-07 0)
(0.795393 3.66524e-07 0)
(0.826798 -9.38135e-07 0)
(0.826802 -3.91941e-07 0)
(0.826802 9.37601e-07 0)
(0.826783 3.90981e-07 0)
(0.850731 -1.02598e-06 0)
(0.850734 -4.08416e-07 0)
(0.850734 1.02563e-06 0)
(0.850719 4.07398e-07 0)
(0.869575 -1.09695e-06 0)
(0.869577 -4.19751e-07 0)
(0.869577 1.09675e-06 0)
(0.869565 4.18689e-07 0)
(0.884821 -1.15325e-06 0)
(0.884822 -4.27408e-07 0)
(0.884822 1.15318e-06 0)
(0.884813 4.26306e-07 0)
(0.897441 -1.1972e-06 0)
(0.897441 -4.32604e-07 0)
(0.897441 1.19724e-06 0)
(0.897434 4.31472e-07 0)
(0.908091 -1.23073e-06 0)
(0.908091 -4.3545e-07 0)
(0.908091 1.23087e-06 0)
(0.908085 4.34291e-07 0)
(0.917226 -1.25568e-06 0)
(0.917226 -4.36402e-07 0)
(0.917226 1.2559e-06 0)
(0.917223 4.35221e-07 0)
(0.925173 -1.27356e-06 0)
(0.925173 -4.3566e-07 0)
(0.925173 1.27386e-06 0)
(0.92517 4.34458e-07 0)
(0.932169 -1.28565e-06 0)
(0.932169 -4.33403e-07 0)
(0.932169 1.28602e-06 0)
(0.932167 4.32185e-07 0)
(0.938391 -1.29303e-06 0)
(0.93839 -4.29774e-07 0)
(0.93839 1.29346e-06 0)
(0.938389 4.2854e-07 0)
(0.943975 -1.29655e-06 0)
(0.943974 -4.24913e-07 0)
(0.943974 1.29704e-06 0)
(0.943974 4.23667e-07 0)
(0.949025 -1.29693e-06 0)
(0.949024 -4.18968e-07 0)
(0.949024 1.29748e-06 0)
(0.949024 4.17709e-07 0)
(0.953625 -1.2948e-06 0)
(0.953623 -4.12065e-07 0)
(0.953623 1.29539e-06 0)
(0.953624 4.10796e-07 0)
(0.957839 -1.29068e-06 0)
(0.957838 -4.04341e-07 0)
(0.957838 1.29133e-06 0)
(0.957838 4.03063e-07 0)
(0.961722 -1.28503e-06 0)
(0.96172 -3.95879e-07 0)
(0.96172 1.28572e-06 0)
(0.961721 3.94593e-07 0)
(0.965316 -1.27818e-06 0)
(0.965315 -3.86707e-07 0)
(0.965315 1.27891e-06 0)
(0.965316 3.85413e-07 0)
(0.968659 -1.27028e-06 0)
(0.968658 -3.76932e-07 0)
(0.968657 1.27105e-06 0)
(0.968659 3.75631e-07 0)
(0.971779 -1.26142e-06 0)
(0.971778 -3.66641e-07 0)
(0.971778 1.26223e-06 0)
(0.971779 3.65334e-07 0)
(0.974703 -1.25162e-06 0)
(0.974702 -3.55985e-07 0)
(0.974701 1.25247e-06 0)
(0.974703 3.54673e-07 0)
(0.977451 -1.24093e-06 0)
(0.97745 -3.45111e-07 0)
(0.97745 1.24181e-06 0)
(0.977451 3.43794e-07 0)
(0.980042 -1.22942e-06 0)
(0.980041 -3.34113e-07 0)
(0.98004 1.23033e-06 0)
(0.980042 3.32791e-07 0)
(0.982491 -1.21718e-06 0)
(0.98249 -3.23075e-07 0)
(0.98249 1.21812e-06 0)
(0.982492 3.21749e-07 0)
(0.984813 -1.20428e-06 0)
(0.984811 -3.12048e-07 0)
(0.984811 1.20525e-06 0)
(0.984813 3.10719e-07 0)
(0.987018 -1.19081e-06 0)
(0.987016 -3.01081e-07 0)
(0.987016 1.19181e-06 0)
(0.987018 2.99749e-07 0)
(0.989117 -1.17681e-06 0)
(0.989116 -2.90205e-07 0)
(0.989116 1.17784e-06 0)
(0.989118 2.88869e-07 0)
(0.99112 -1.16235e-06 0)
(0.991118 -2.79462e-07 0)
(0.991118 1.16339e-06 0)
(0.99112 2.78124e-07 0)
(0.993033 -1.14743e-06 0)
(0.993032 -2.68897e-07 0)
(0.993032 1.1485e-06 0)
(0.993034 2.67558e-07 0)
(0.994865 -1.1321e-06 0)
(0.994864 -2.58575e-07 0)
(0.994864 1.13319e-06 0)
(0.994866 2.57234e-07 0)
(0.996621 -1.11636e-06 0)
(0.99662 -2.4855e-07 0)
(0.99662 1.11747e-06 0)
(0.996622 2.47207e-07 0)
(0.998308 -1.10022e-06 0)
(0.998306 -2.38868e-07 0)
(0.998306 1.10135e-06 0)
(0.998308 2.37524e-07 0)
(0.999929 -1.08372e-06 0)
(0.999928 -2.29537e-07 0)
(0.999928 1.08487e-06 0)
(0.99993 2.28193e-07 0)
(1.00149 -1.06691e-06 0)
(1.00149 -2.20531e-07 0)
(1.00149 1.06807e-06 0)
(1.00149 2.19186e-07 0)
(1.00299 -1.04983e-06 0)
(1.00299 -2.11819e-07 0)
(1.00299 1.05101e-06 0)
(1.003 2.10475e-07 0)
(1.00445 -1.03254e-06 0)
(1.00444 -2.03359e-07 0)
(1.00444 1.03373e-06 0)
(1.00445 2.02016e-07 0)
(1.00585 -1.01508e-06 0)
(1.00585 -1.95143e-07 0)
(1.00585 1.01629e-06 0)
(1.00585 1.93801e-07 0)
(1.0072 -9.9748e-07 0)
(1.0072 -1.87197e-07 0)
(1.0072 9.987e-07 0)
(1.0072 1.85856e-07 0)
(1.00852 -9.79741e-07 0)
(1.00851 -1.79538e-07 0)
(1.00851 9.80973e-07 0)
(1.00852 1.78197e-07 0)
(1.00979 -9.61874e-07 0)
(1.00979 -1.72194e-07 0)
(1.00979 9.63116e-07 0)
(1.00979 1.70855e-07 0)
(1.01102 -9.43876e-07 0)
(1.01102 -1.65168e-07 0)
(1.01102 9.45128e-07 0)
(1.01102 1.63832e-07 0)
(1.01221 -9.25751e-07 0)
(1.01221 -1.58454e-07 0)
(1.01221 9.27011e-07 0)
(1.01221 1.5712e-07 0)
(1.01337 -9.07492e-07 0)
(1.01337 -1.52043e-07 0)
(1.01337 9.08759e-07 0)
(1.01337 1.50713e-07 0)
(1.0145 -8.89082e-07 0)
(1.0145 -1.45933e-07 0)
(1.0145 8.90356e-07 0)
(1.0145 1.44606e-07 0)
(1.01559 -8.70494e-07 0)
(1.01559 -1.40127e-07 0)
(1.01559 8.71773e-07 0)
(1.01559 1.38804e-07 0)
(1.01666 -8.51695e-07 0)
(1.01666 -1.34628e-07 0)
(1.01666 8.52979e-07 0)
(1.01666 1.3331e-07 0)
(1.01769 -8.32657e-07 0)
(1.01769 -1.29445e-07 0)
(1.01769 8.33944e-07 0)
(1.01769 1.28131e-07 0)
(1.0187 -8.13363e-07 0)
(1.0187 -1.24572e-07 0)
(1.0187 8.14653e-07 0)
(1.0187 1.23264e-07 0)
(1.01968 -7.93813e-07 0)
(1.01968 -1.20001e-07 0)
(1.01968 7.95105e-07 0)
(1.01968 1.18698e-07 0)
(1.02063 -7.74029e-07 0)
(1.02063 -1.15703e-07 0)
(1.02063 7.75321e-07 0)
(1.02063 1.14406e-07 0)
(1.02156 -7.54052e-07 0)
(1.02156 -1.11642e-07 0)
(1.02156 7.55345e-07 0)
(1.02156 1.10352e-07 0)
(1.02247 -7.33937e-07 0)
(1.02247 -1.07768e-07 0)
(1.02247 7.35228e-07 0)
(1.02247 1.06485e-07 0)
(1.02335 -7.13751e-07 0)
(1.02335 -1.04039e-07 0)
(1.02335 7.1504e-07 0)
(1.02335 1.02764e-07 0)
(1.02421 -6.93559e-07 0)
(1.02421 -1.00416e-07 0)
(1.02421 6.94846e-07 0)
(1.02421 9.91487e-08 0)
(1.02505 -6.73429e-07 0)
(1.02505 -9.68782e-08 0)
(1.02505 6.74711e-07 0)
(1.02505 9.56198e-08 0)
(1.02587 -6.53414e-07 0)
(1.02587 -9.34185e-08 0)
(1.02587 6.54692e-07 0)
(1.02587 9.21696e-08 0)
(1.02666 -6.33549e-07 0)
(1.02666 -9.00721e-08 0)
(1.02666 6.34821e-07 0)
(1.02666 8.88328e-08 0)
(1.02744 -6.13844e-07 0)
(1.02744 -8.68583e-08 0)
(1.02744 6.15109e-07 0)
(1.02744 8.56296e-08 0)
(1.0282 -5.94298e-07 0)
(1.02819 -8.38181e-08 0)
(1.0282 5.95555e-07 0)
(1.0282 8.26004e-08 0)
(1.02893 -5.74916e-07 0)
(1.02893 -8.09489e-08 0)
(1.02893 5.76164e-07 0)
(1.02893 7.9743e-08 0)
(1.02965 -5.55715e-07 0)
(1.02965 -7.82276e-08 0)
(1.02965 5.56953e-07 0)
(1.02965 7.70339e-08 0)
(1.03035 -5.36729e-07 0)
(1.03035 -7.56126e-08 0)
(1.03035 5.37957e-07 0)
(1.03035 7.44322e-08 0)
(1.03103 -5.17989e-07 0)
(1.03103 -7.30632e-08 0)
(1.03103 5.19204e-07 0)
(1.03103 7.18966e-08 0)
(1.03169 -4.99519e-07 0)
(1.03169 -7.05486e-08 0)
(1.03169 5.00722e-07 0)
(1.03169 6.93969e-08 0)
(1.03234 -4.81322e-07 0)
(1.03234 -6.80609e-08 0)
(1.03234 4.8251e-07 0)
(1.03234 6.69245e-08 0)
(1.03296 -4.63381e-07 0)
(1.03296 -6.56101e-08 0)
(1.03296 4.64554e-07 0)
(1.03296 6.44904e-08 0)
(1.03357 -4.45661e-07 0)
(1.03357 -6.32207e-08 0)
(1.03357 4.46816e-07 0)
(1.03357 6.21182e-08 0)
(1.03416 -4.28127e-07 0)
(1.03416 -6.09153e-08 0)
(1.03416 4.29265e-07 0)
(1.03416 5.98314e-08 0)
(1.03473 -4.10743e-07 0)
(1.03473 -5.86934e-08 0)
(1.03473 4.11861e-07 0)
(1.03473 5.76289e-08 0)
(1.03529 -3.93497e-07 0)
(1.03529 -5.65559e-08 0)
(1.03529 3.94595e-07 0)
(1.03529 5.55126e-08 0)
(1.03582 -3.76381e-07 0)
(1.03582 -5.44883e-08 0)
(1.03582 3.77455e-07 0)
(1.03582 5.34671e-08 0)
(1.03634 -3.594e-07 0)
(1.03634 -5.25093e-08 0)
(1.03634 3.6045e-07 0)
(1.03634 5.15122e-08 0)
(1.03684 -3.42563e-07 0)
(1.03684 -5.06218e-08 0)
(1.03684 3.43587e-07 0)
(1.03684 4.96501e-08 0)
(1.03732 -3.25898e-07 0)
(1.03732 -4.88276e-08 0)
(1.03732 3.26892e-07 0)
(1.03732 4.78837e-08 0)
(1.03778 -3.09421e-07 0)
(1.03778 -4.70826e-08 0)
(1.03778 3.10384e-07 0)
(1.03779 4.61681e-08 0)
(1.03823 -2.93143e-07 0)
(1.03823 -4.53664e-08 0)
(1.03823 2.94073e-07 0)
(1.03823 4.44836e-08 0)
(1.03865 -2.77055e-07 0)
(1.03865 -4.36527e-08 0)
(1.03865 2.77951e-07 0)
(1.03865 4.28032e-08 0)
(1.03906 -2.61138e-07 0)
(1.03906 -4.19412e-08 0)
(1.03906 2.61996e-07 0)
(1.03906 4.11278e-08 0)
(1.03944 -2.45371e-07 0)
(1.03944 -4.02337e-08 0)
(1.03944 2.46189e-07 0)
(1.03944 3.94578e-08 0)
(1.03981 -2.29749e-07 0)
(1.03981 -3.85261e-08 0)
(1.03981 2.30526e-07 0)
(1.03981 3.77899e-08 0)
(1.04015 -2.14273e-07 0)
(1.04015 -3.68115e-08 0)
(1.04015 2.15005e-07 0)
(1.04015 3.61165e-08 0)
(1.04047 -1.98941e-07 0)
(1.04047 -3.50769e-08 0)
(1.04047 1.99627e-07 0)
(1.04048 3.44255e-08 0)
(1.04078 -1.83753e-07 0)
(1.04078 -3.33114e-08 0)
(1.04078 1.84392e-07 0)
(1.04078 3.27048e-08 0)
(1.04105 -1.68712e-07 0)
(1.04105 -3.14978e-08 0)
(1.04105 1.69302e-07 0)
(1.04105 3.09379e-08 0)
(1.04131 -1.53824e-07 0)
(1.04131 -2.96196e-08 0)
(1.04131 1.54364e-07 0)
(1.04131 2.91071e-08 0)
(1.04154 -1.391e-07 0)
(1.04154 -2.76556e-08 0)
(1.04154 1.39588e-07 0)
(1.04154 2.71921e-08 0)
(1.04175 -1.24536e-07 0)
(1.04174 -2.55961e-08 0)
(1.04174 1.24972e-07 0)
(1.04175 2.51822e-08 0)
(1.04193 -1.10106e-07 0)
(1.04193 -2.34082e-08 0)
(1.04192 1.10488e-07 0)
(1.04193 2.30454e-08 0)
(1.04208 -9.576e-08 0)
(1.04208 -2.10723e-08 0)
(1.04208 9.60866e-08 0)
(1.04208 2.07607e-08 0)
(1.0422 -8.14314e-08 0)
(1.0422 -1.85442e-08 0)
(1.0422 8.17016e-08 0)
(1.0422 1.8286e-08 0)
(1.0423 -6.70553e-08 0)
(1.0423 -1.57772e-08 0)
(1.0423 6.72687e-08 0)
(1.0423 1.55724e-08 0)
(1.04237 -5.25649e-08 0)
(1.04237 -1.27199e-08 0)
(1.04237 5.27199e-08 0)
(1.04237 1.25696e-08 0)
(1.0424 -3.7901e-08 0)
(1.0424 -9.34453e-09 0)
(1.0424 3.79978e-08 0)
(1.0424 9.24899e-09 0)
(1.0424 -2.29289e-08 0)
(1.0424 -5.64581e-09 0)
(1.0424 2.29497e-08 0)
(1.0424 5.62346e-09 0)
(1.04237 -7.80303e-09 0)
(1.04237 -1.86541e-09 0)
(1.04237 7.82169e-09 0)
(1.04237 1.84821e-09 0)
)
;

boundaryField
{
    inlet
    {
        type            cyclic;
    }
    outlet
    {
        type            cyclic;
    }
    fixedWalls-bottom
    {
        type            noSlip;
    }
    fixedWalls-top
    {
        type            symmetry;
    }
    frontAndBack
    {
        type            empty;
    }
}


// ************************************************************************* //
