/*--------------------------------*- C++ -*----------------------------------*\
  =========                 |
  \\      /  F ield         | OpenFOAM: The Open Source CFD Toolbox
   \\    /   O peration     | Website:  https://openfoam.org
    \\  /    A nd           | Version:  10
     \\/     M anipulation  |
\*---------------------------------------------------------------------------*/
FoamFile
{
    format      ascii;
    class       vectorField;
    location    "constant/polyMesh";
    object      points;
}
// * * * * * * * * * * * * * * * * * * * * * * * * * * * * * * * * * * * * * //


1010
(
(-1 0 -1)
(-0.5 0 -1)
(0 0 -1)
(0.5 0 -1)
(1 0 -1)
(-1 0.004613743947 -1)
(-0.5 0.004613743947 -1)
(0 0.004613743947 -1)
(0.5 0.004613743947 -1)
(1 0.004613743947 -1)
(-1 0.009292548486 -1)
(-0.5 0.009292548486 -1)
(0 0.009292548486 -1)
(0.5 0.009292548486 -1)
(1 0.009292548486 -1)
(-1 0.01403733107 -1)
(-0.5 0.01403733107 -1)
(0 0.01403733107 -1)
(0.5 0.01403733107 -1)
(1 0.01403733107 -1)
(-1 0.01884902208 -1)
(-0.5 0.01884902208 -1)
(0 0.01884902208 -1)
(0.5 0.01884902208 -1)
(1 0.01884902208 -1)
(-1 0.02372856502 -1)
(-0.5 0.02372856502 -1)
(0 0.02372856502 -1)
(0.5 0.02372856502 -1)
(1 0.02372856502 -1)
(-1 0.02867691672 -1)
(-0.5 0.02867691672 -1)
(0 0.02867691672 -1)
(0.5 0.02867691672 -1)
(1 0.02867691672 -1)
(-1 0.03369504747 -1)
(-0.5 0.03369504747 -1)
(0 0.03369504747 -1)
(0.5 0.03369504747 -1)
(1 0.03369504747 -1)
(-1 0.03878394126 -1)
(-0.5 0.03878394126 -1)
(0 0.03878394126 -1)
(0.5 0.03878394126 -1)
(1 0.03878394126 -1)
(-1 0.04394459595 -1)
(-0.5 0.04394459595 -1)
(0 0.04394459595 -1)
(0.5 0.04394459595 -1)
(1 0.04394459595 -1)
(-1 0.04917802348 -1)
(-0.5 0.04917802348 -1)
(0 0.04917802348 -1)
(0.5 0.04917802348 -1)
(1 0.04917802348 -1)
(-1 0.05448525006 -1)
(-0.5 0.05448525006 -1)
(0 0.05448525006 -1)
(0.5 0.05448525006 -1)
(1 0.05448525006 -1)
(-1 0.05986731636 -1)
(-0.5 0.05986731636 -1)
(0 0.05986731636 -1)
(0.5 0.05986731636 -1)
(1 0.05986731636 -1)
(-1 0.06532527772 -1)
(-0.5 0.06532527772 -1)
(0 0.06532527772 -1)
(0.5 0.06532527772 -1)
(1 0.06532527772 -1)
(-1 0.07086020439 -1)
(-0.5 0.07086020439 -1)
(0 0.07086020439 -1)
(0.5 0.07086020439 -1)
(1 0.07086020439 -1)
(-1 0.07647318168 -1)
(-0.5 0.07647318168 -1)
(0 0.07647318168 -1)
(0.5 0.07647318168 -1)
(1 0.07647318168 -1)
(-1 0.08216531023 -1)
(-0.5 0.08216531023 -1)
(0 0.08216531023 -1)
(0.5 0.08216531023 -1)
(1 0.08216531023 -1)
(-1 0.08793770618 -1)
(-0.5 0.08793770618 -1)
(0 0.08793770618 -1)
(0.5 0.08793770618 -1)
(1 0.08793770618 -1)
(-1 0.09379150142 -1)
(-0.5 0.09379150142 -1)
(0 0.09379150142 -1)
(0.5 0.09379150142 -1)
(1 0.09379150142 -1)
(-1 0.0997278438 -1)
(-0.5 0.0997278438 -1)
(0 0.0997278438 -1)
(0.5 0.0997278438 -1)
(1 0.0997278438 -1)
(-1 0.1057478974 -1)
(-0.5 0.1057478974 -1)
(0 0.1057478974 -1)
(0.5 0.1057478974 -1)
(1 0.1057478974 -1)
(-1 0.1118528426 -1)
(-0.5 0.1118528426 -1)
(0 0.1118528426 -1)
(0.5 0.1118528426 -1)
(1 0.1118528426 -1)
(-1 0.1180438765 -1)
(-0.5 0.1180438765 -1)
(0 0.1180438765 -1)
(0.5 0.1180438765 -1)
(1 0.1180438765 -1)
(-1 0.1243222131 -1)
(-0.5 0.1243222131 -1)
(0 0.1243222131 -1)
(0.5 0.1243222131 -1)
(1 0.1243222131 -1)
(-1 0.1306890835 -1)
(-0.5 0.1306890835 -1)
(0 0.1306890835 -1)
(0.5 0.1306890835 -1)
(1 0.1306890835 -1)
(-1 0.1371457362 -1)
(-0.5 0.1371457362 -1)
(0 0.1371457362 -1)
(0.5 0.1371457362 -1)
(1 0.1371457362 -1)
(-1 0.1436934372 -1)
(-0.5 0.1436934372 -1)
(0 0.1436934372 -1)
(0.5 0.1436934372 -1)
(1 0.1436934372 -1)
(-1 0.1503334705 -1)
(-0.5 0.1503334705 -1)
(0 0.1503334705 -1)
(0.5 0.1503334705 -1)
(1 0.1503334705 -1)
(-1 0.157067138 -1)
(-0.5 0.157067138 -1)
(0 0.157067138 -1)
(0.5 0.157067138 -1)
(1 0.157067138 -1)
(-1 0.1638957601 -1)
(-0.5 0.1638957601 -1)
(0 0.1638957601 -1)
(0.5 0.1638957601 -1)
(1 0.1638957601 -1)
(-1 0.1708206759 -1)
(-0.5 0.1708206759 -1)
(0 0.1708206759 -1)
(0.5 0.1708206759 -1)
(1 0.1708206759 -1)
(-1 0.1778432432 -1)
(-0.5 0.1778432432 -1)
(0 0.1778432432 -1)
(0.5 0.1778432432 -1)
(1 0.1778432432 -1)
(-1 0.1849648391 -1)
(-0.5 0.1849648391 -1)
(0 0.1849648391 -1)
(0.5 0.1849648391 -1)
(1 0.1849648391 -1)
(-1 0.1921868599 -1)
(-0.5 0.1921868599 -1)
(0 0.1921868599 -1)
(0.5 0.1921868599 -1)
(1 0.1921868599 -1)
(-1 0.1995107219 -1)
(-0.5 0.1995107219 -1)
(0 0.1995107219 -1)
(0.5 0.1995107219 -1)
(1 0.1995107219 -1)
(-1 0.2069378612 -1)
(-0.5 0.2069378612 -1)
(0 0.2069378612 -1)
(0.5 0.2069378612 -1)
(1 0.2069378612 -1)
(-1 0.214469734 -1)
(-0.5 0.214469734 -1)
(0 0.214469734 -1)
(0.5 0.214469734 -1)
(1 0.214469734 -1)
(-1 0.2221078174 -1)
(-0.5 0.2221078174 -1)
(0 0.2221078174 -1)
(0.5 0.2221078174 -1)
(1 0.2221078174 -1)
(-1 0.229853609 -1)
(-0.5 0.229853609 -1)
(0 0.229853609 -1)
(0.5 0.229853609 -1)
(1 0.229853609 -1)
(-1 0.2377086277 -1)
(-0.5 0.2377086277 -1)
(0 0.2377086277 -1)
(0.5 0.2377086277 -1)
(1 0.2377086277 -1)
(-1 0.2456744137 -1)
(-0.5 0.2456744137 -1)
(0 0.2456744137 -1)
(0.5 0.2456744137 -1)
(1 0.2456744137 -1)
(-1 0.2537525291 -1)
(-0.5 0.2537525291 -1)
(0 0.2537525291 -1)
(0.5 0.2537525291 -1)
(1 0.2537525291 -1)
(-1 0.2619445578 -1)
(-0.5 0.2619445578 -1)
(0 0.2619445578 -1)
(0.5 0.2619445578 -1)
(1 0.2619445578 -1)
(-1 0.2702521061 -1)
(-0.5 0.2702521061 -1)
(0 0.2702521061 -1)
(0.5 0.2702521061 -1)
(1 0.2702521061 -1)
(-1 0.2786768032 -1)
(-0.5 0.2786768032 -1)
(0 0.2786768032 -1)
(0.5 0.2786768032 -1)
(1 0.2786768032 -1)
(-1 0.2872203009 -1)
(-0.5 0.2872203009 -1)
(0 0.2872203009 -1)
(0.5 0.2872203009 -1)
(1 0.2872203009 -1)
(-1 0.2958842745 -1)
(-0.5 0.2958842745 -1)
(0 0.2958842745 -1)
(0.5 0.2958842745 -1)
(1 0.2958842745 -1)
(-1 0.3046704229 -1)
(-0.5 0.3046704229 -1)
(0 0.3046704229 -1)
(0.5 0.3046704229 -1)
(1 0.3046704229 -1)
(-1 0.313580469 -1)
(-0.5 0.313580469 -1)
(0 0.313580469 -1)
(0.5 0.313580469 -1)
(1 0.313580469 -1)
(-1 0.3226161598 -1)
(-0.5 0.3226161598 -1)
(0 0.3226161598 -1)
(0.5 0.3226161598 -1)
(1 0.3226161598 -1)
(-1 0.3317792672 -1)
(-0.5 0.3317792672 -1)
(0 0.3317792672 -1)
(0.5 0.3317792672 -1)
(1 0.3317792672 -1)
(-1 0.3410715879 -1)
(-0.5 0.3410715879 -1)
(0 0.3410715879 -1)
(0.5 0.3410715879 -1)
(1 0.3410715879 -1)
(-1 0.3504949441 -1)
(-0.5 0.3504949441 -1)
(0 0.3504949441 -1)
(0.5 0.3504949441 -1)
(1 0.3504949441 -1)
(-1 0.3600511835 -1)
(-0.5 0.3600511835 -1)
(0 0.3600511835 -1)
(0.5 0.3600511835 -1)
(1 0.3600511835 -1)
(-1 0.3697421799 -1)
(-0.5 0.3697421799 -1)
(0 0.3697421799 -1)
(0.5 0.3697421799 -1)
(1 0.3697421799 -1)
(-1 0.3795698336 -1)
(-0.5 0.3795698336 -1)
(0 0.3795698336 -1)
(0.5 0.3795698336 -1)
(1 0.3795698336 -1)
(-1 0.3895360718 -1)
(-0.5 0.3895360718 -1)
(0 0.3895360718 -1)
(0.5 0.3895360718 -1)
(1 0.3895360718 -1)
(-1 0.3996428486 -1)
(-0.5 0.3996428486 -1)
(0 0.3996428486 -1)
(0.5 0.3996428486 -1)
(1 0.3996428486 -1)
(-1 0.4098921459 -1)
(-0.5 0.4098921459 -1)
(0 0.4098921459 -1)
(0.5 0.4098921459 -1)
(1 0.4098921459 -1)
(-1 0.4202859734 -1)
(-0.5 0.4202859734 -1)
(0 0.4202859734 -1)
(0.5 0.4202859734 -1)
(1 0.4202859734 -1)
(-1 0.4308263691 -1)
(-0.5 0.4308263691 -1)
(0 0.4308263691 -1)
(0.5 0.4308263691 -1)
(1 0.4308263691 -1)
(-1 0.4415154 -1)
(-0.5 0.4415154 -1)
(0 0.4415154 -1)
(0.5 0.4415154 -1)
(1 0.4415154 -1)
(-1 0.452355162 -1)
(-0.5 0.452355162 -1)
(0 0.452355162 -1)
(0.5 0.452355162 -1)
(1 0.452355162 -1)
(-1 0.4633477806 -1)
(-0.5 0.4633477806 -1)
(0 0.4633477806 -1)
(0.5 0.4633477806 -1)
(1 0.4633477806 -1)
(-1 0.4744954113 -1)
(-0.5 0.4744954113 -1)
(0 0.4744954113 -1)
(0.5 0.4744954113 -1)
(1 0.4744954113 -1)
(-1 0.48580024 -1)
(-0.5 0.48580024 -1)
(0 0.48580024 -1)
(0.5 0.48580024 -1)
(1 0.48580024 -1)
(-1 0.4972644835 -1)
(-0.5 0.4972644835 -1)
(0 0.4972644835 -1)
(0.5 0.4972644835 -1)
(1 0.4972644835 -1)
(-1 0.5088903898 -1)
(-0.5 0.5088903898 -1)
(0 0.5088903898 -1)
(0.5 0.5088903898 -1)
(1 0.5088903898 -1)
(-1 0.5206802384 -1)
(-0.5 0.5206802384 -1)
(0 0.5206802384 -1)
(0.5 0.5206802384 -1)
(1 0.5206802384 -1)
(-1 0.5326363413 -1)
(-0.5 0.5326363413 -1)
(0 0.5326363413 -1)
(0.5 0.5326363413 -1)
(1 0.5326363413 -1)
(-1 0.5447610429 -1)
(-0.5 0.5447610429 -1)
(0 0.5447610429 -1)
(0.5 0.5447610429 -1)
(1 0.5447610429 -1)
(-1 0.5570567207 -1)
(-0.5 0.5570567207 -1)
(0 0.5570567207 -1)
(0.5 0.5570567207 -1)
(1 0.5570567207 -1)
(-1 0.5695257856 -1)
(-0.5 0.5695257856 -1)
(0 0.5695257856 -1)
(0.5 0.5695257856 -1)
(1 0.5695257856 -1)
(-1 0.5821706827 -1)
(-0.5 0.5821706827 -1)
(0 0.5821706827 -1)
(0.5 0.5821706827 -1)
(1 0.5821706827 -1)
(-1 0.5949938915 -1)
(-0.5 0.5949938915 -1)
(0 0.5949938915 -1)
(0.5 0.5949938915 -1)
(1 0.5949938915 -1)
(-1 0.6079979265 -1)
(-0.5 0.6079979265 -1)
(0 0.6079979265 -1)
(0.5 0.6079979265 -1)
(1 0.6079979265 -1)
(-1 0.6211853375 -1)
(-0.5 0.6211853375 -1)
(0 0.6211853375 -1)
(0.5 0.6211853375 -1)
(1 0.6211853375 -1)
(-1 0.6345587105 -1)
(-0.5 0.6345587105 -1)
(0 0.6345587105 -1)
(0.5 0.6345587105 -1)
(1 0.6345587105 -1)
(-1 0.6481206677 -1)
(-0.5 0.6481206677 -1)
(0 0.6481206677 -1)
(0.5 0.6481206677 -1)
(1 0.6481206677 -1)
(-1 0.6618738685 -1)
(-0.5 0.6618738685 -1)
(0 0.6618738685 -1)
(0.5 0.6618738685 -1)
(1 0.6618738685 -1)
(-1 0.6758210098 -1)
(-0.5 0.6758210098 -1)
(0 0.6758210098 -1)
(0.5 0.6758210098 -1)
(1 0.6758210098 -1)
(-1 0.6899648262 -1)
(-0.5 0.6899648262 -1)
(0 0.6899648262 -1)
(0.5 0.6899648262 -1)
(1 0.6899648262 -1)
(-1 0.7043080914 -1)
(-0.5 0.7043080914 -1)
(0 0.7043080914 -1)
(0.5 0.7043080914 -1)
(1 0.7043080914 -1)
(-1 0.7188536177 -1)
(-0.5 0.7188536177 -1)
(0 0.7188536177 -1)
(0.5 0.7188536177 -1)
(1 0.7188536177 -1)
(-1 0.7336042574 -1)
(-0.5 0.7336042574 -1)
(0 0.7336042574 -1)
(0.5 0.7336042574 -1)
(1 0.7336042574 -1)
(-1 0.7485629029 -1)
(-0.5 0.7485629029 -1)
(0 0.7485629029 -1)
(0.5 0.7485629029 -1)
(1 0.7485629029 -1)
(-1 0.7637324873 -1)
(-0.5 0.7637324873 -1)
(0 0.7637324873 -1)
(0.5 0.7637324873 -1)
(1 0.7637324873 -1)
(-1 0.7791159852 -1)
(-0.5 0.7791159852 -1)
(0 0.7791159852 -1)
(0.5 0.7791159852 -1)
(1 0.7791159852 -1)
(-1 0.7947164131 -1)
(-0.5 0.7947164131 -1)
(0 0.7947164131 -1)
(0.5 0.7947164131 -1)
(1 0.7947164131 -1)
(-1 0.8105368301 -1)
(-0.5 0.8105368301 -1)
(0 0.8105368301 -1)
(0.5 0.8105368301 -1)
(1 0.8105368301 -1)
(-1 0.8265803382 -1)
(-0.5 0.8265803382 -1)
(0 0.8265803382 -1)
(0.5 0.8265803382 -1)
(1 0.8265803382 -1)
(-1 0.8428500835 -1)
(-0.5 0.8428500835 -1)
(0 0.8428500835 -1)
(0.5 0.8428500835 -1)
(1 0.8428500835 -1)
(-1 0.8593492562 -1)
(-0.5 0.8593492562 -1)
(0 0.8593492562 -1)
(0.5 0.8593492562 -1)
(1 0.8593492562 -1)
(-1 0.8760810915 -1)
(-0.5 0.8760810915 -1)
(0 0.8760810915 -1)
(0.5 0.8760810915 -1)
(1 0.8760810915 -1)
(-1 0.8930488703 -1)
(-0.5 0.8930488703 -1)
(0 0.8930488703 -1)
(0.5 0.8930488703 -1)
(1 0.8930488703 -1)
(-1 0.9102559199 -1)
(-0.5 0.9102559199 -1)
(0 0.9102559199 -1)
(0.5 0.9102559199 -1)
(1 0.9102559199 -1)
(-1 0.9277056142 -1)
(-0.5 0.9277056142 -1)
(0 0.9277056142 -1)
(0.5 0.9277056142 -1)
(1 0.9277056142 -1)
(-1 0.945401375 -1)
(-0.5 0.945401375 -1)
(0 0.945401375 -1)
(0.5 0.945401375 -1)
(1 0.945401375 -1)
(-1 0.963346672 -1)
(-0.5 0.963346672 -1)
(0 0.963346672 -1)
(0.5 0.963346672 -1)
(1 0.963346672 -1)
(-1 0.9815450242 -1)
(-0.5 0.9815450242 -1)
(0 0.9815450242 -1)
(0.5 0.9815450242 -1)
(1 0.9815450242 -1)
(-1 1 -1)
(-0.5 1 -1)
(0 1 -1)
(0.5 1 -1)
(1 1 -1)
(-1 0 1)
(-0.5 0 1)
(0 0 1)
(0.5 0 1)
(1 0 1)
(-1 0.004613743947 1)
(-0.5 0.004613743947 1)
(0 0.004613743947 1)
(0.5 0.004613743947 1)
(1 0.004613743947 1)
(-1 0.009292548486 1)
(-0.5 0.009292548486 1)
(0 0.009292548486 1)
(0.5 0.009292548486 1)
(1 0.009292548486 1)
(-1 0.01403733107 1)
(-0.5 0.01403733107 1)
(0 0.01403733107 1)
(0.5 0.01403733107 1)
(1 0.01403733107 1)
(-1 0.01884902208 1)
(-0.5 0.01884902208 1)
(0 0.01884902208 1)
(0.5 0.01884902208 1)
(1 0.01884902208 1)
(-1 0.02372856502 1)
(-0.5 0.02372856502 1)
(0 0.02372856502 1)
(0.5 0.02372856502 1)
(1 0.02372856502 1)
(-1 0.02867691672 1)
(-0.5 0.02867691672 1)
(0 0.02867691672 1)
(0.5 0.02867691672 1)
(1 0.02867691672 1)
(-1 0.03369504747 1)
(-0.5 0.03369504747 1)
(0 0.03369504747 1)
(0.5 0.03369504747 1)
(1 0.03369504747 1)
(-1 0.03878394126 1)
(-0.5 0.03878394126 1)
(0 0.03878394126 1)
(0.5 0.03878394126 1)
(1 0.03878394126 1)
(-1 0.04394459595 1)
(-0.5 0.04394459595 1)
(0 0.04394459595 1)
(0.5 0.04394459595 1)
(1 0.04394459595 1)
(-1 0.04917802348 1)
(-0.5 0.04917802348 1)
(0 0.04917802348 1)
(0.5 0.04917802348 1)
(1 0.04917802348 1)
(-1 0.05448525006 1)
(-0.5 0.05448525006 1)
(0 0.05448525006 1)
(0.5 0.05448525006 1)
(1 0.05448525006 1)
(-1 0.05986731636 1)
(-0.5 0.05986731636 1)
(0 0.05986731636 1)
(0.5 0.05986731636 1)
(1 0.05986731636 1)
(-1 0.06532527772 1)
(-0.5 0.06532527772 1)
(0 0.06532527772 1)
(0.5 0.06532527772 1)
(1 0.06532527772 1)
(-1 0.07086020439 1)
(-0.5 0.07086020439 1)
(0 0.07086020439 1)
(0.5 0.07086020439 1)
(1 0.07086020439 1)
(-1 0.07647318168 1)
(-0.5 0.07647318168 1)
(0 0.07647318168 1)
(0.5 0.07647318168 1)
(1 0.07647318168 1)
(-1 0.08216531023 1)
(-0.5 0.08216531023 1)
(0 0.08216531023 1)
(0.5 0.08216531023 1)
(1 0.08216531023 1)
(-1 0.08793770618 1)
(-0.5 0.08793770618 1)
(0 0.08793770618 1)
(0.5 0.08793770618 1)
(1 0.08793770618 1)
(-1 0.09379150142 1)
(-0.5 0.09379150142 1)
(0 0.09379150142 1)
(0.5 0.09379150142 1)
(1 0.09379150142 1)
(-1 0.0997278438 1)
(-0.5 0.0997278438 1)
(0 0.0997278438 1)
(0.5 0.0997278438 1)
(1 0.0997278438 1)
(-1 0.1057478974 1)
(-0.5 0.1057478974 1)
(0 0.1057478974 1)
(0.5 0.1057478974 1)
(1 0.1057478974 1)
(-1 0.1118528426 1)
(-0.5 0.1118528426 1)
(0 0.1118528426 1)
(0.5 0.1118528426 1)
(1 0.1118528426 1)
(-1 0.1180438765 1)
(-0.5 0.1180438765 1)
(0 0.1180438765 1)
(0.5 0.1180438765 1)
(1 0.1180438765 1)
(-1 0.1243222131 1)
(-0.5 0.1243222131 1)
(0 0.1243222131 1)
(0.5 0.1243222131 1)
(1 0.1243222131 1)
(-1 0.1306890835 1)
(-0.5 0.1306890835 1)
(0 0.1306890835 1)
(0.5 0.1306890835 1)
(1 0.1306890835 1)
(-1 0.1371457362 1)
(-0.5 0.1371457362 1)
(0 0.1371457362 1)
(0.5 0.1371457362 1)
(1 0.1371457362 1)
(-1 0.1436934372 1)
(-0.5 0.1436934372 1)
(0 0.1436934372 1)
(0.5 0.1436934372 1)
(1 0.1436934372 1)
(-1 0.1503334705 1)
(-0.5 0.1503334705 1)
(0 0.1503334705 1)
(0.5 0.1503334705 1)
(1 0.1503334705 1)
(-1 0.157067138 1)
(-0.5 0.157067138 1)
(0 0.157067138 1)
(0.5 0.157067138 1)
(1 0.157067138 1)
(-1 0.1638957601 1)
(-0.5 0.1638957601 1)
(0 0.1638957601 1)
(0.5 0.1638957601 1)
(1 0.1638957601 1)
(-1 0.1708206759 1)
(-0.5 0.1708206759 1)
(0 0.1708206759 1)
(0.5 0.1708206759 1)
(1 0.1708206759 1)
(-1 0.1778432432 1)
(-0.5 0.1778432432 1)
(0 0.1778432432 1)
(0.5 0.1778432432 1)
(1 0.1778432432 1)
(-1 0.1849648391 1)
(-0.5 0.1849648391 1)
(0 0.1849648391 1)
(0.5 0.1849648391 1)
(1 0.1849648391 1)
(-1 0.1921868599 1)
(-0.5 0.1921868599 1)
(0 0.1921868599 1)
(0.5 0.1921868599 1)
(1 0.1921868599 1)
(-1 0.1995107219 1)
(-0.5 0.1995107219 1)
(0 0.1995107219 1)
(0.5 0.1995107219 1)
(1 0.1995107219 1)
(-1 0.2069378612 1)
(-0.5 0.2069378612 1)
(0 0.2069378612 1)
(0.5 0.2069378612 1)
(1 0.2069378612 1)
(-1 0.214469734 1)
(-0.5 0.214469734 1)
(0 0.214469734 1)
(0.5 0.214469734 1)
(1 0.214469734 1)
(-1 0.2221078174 1)
(-0.5 0.2221078174 1)
(0 0.2221078174 1)
(0.5 0.2221078174 1)
(1 0.2221078174 1)
(-1 0.229853609 1)
(-0.5 0.229853609 1)
(0 0.229853609 1)
(0.5 0.229853609 1)
(1 0.229853609 1)
(-1 0.2377086277 1)
(-0.5 0.2377086277 1)
(0 0.2377086277 1)
(0.5 0.2377086277 1)
(1 0.2377086277 1)
(-1 0.2456744137 1)
(-0.5 0.2456744137 1)
(0 0.2456744137 1)
(0.5 0.2456744137 1)
(1 0.2456744137 1)
(-1 0.2537525291 1)
(-0.5 0.2537525291 1)
(0 0.2537525291 1)
(0.5 0.2537525291 1)
(1 0.2537525291 1)
(-1 0.2619445578 1)
(-0.5 0.2619445578 1)
(0 0.2619445578 1)
(0.5 0.2619445578 1)
(1 0.2619445578 1)
(-1 0.2702521061 1)
(-0.5 0.2702521061 1)
(0 0.2702521061 1)
(0.5 0.2702521061 1)
(1 0.2702521061 1)
(-1 0.2786768032 1)
(-0.5 0.2786768032 1)
(0 0.2786768032 1)
(0.5 0.2786768032 1)
(1 0.2786768032 1)
(-1 0.2872203009 1)
(-0.5 0.2872203009 1)
(0 0.2872203009 1)
(0.5 0.2872203009 1)
(1 0.2872203009 1)
(-1 0.2958842745 1)
(-0.5 0.2958842745 1)
(0 0.2958842745 1)
(0.5 0.2958842745 1)
(1 0.2958842745 1)
(-1 0.3046704229 1)
(-0.5 0.3046704229 1)
(0 0.3046704229 1)
(0.5 0.3046704229 1)
(1 0.3046704229 1)
(-1 0.313580469 1)
(-0.5 0.313580469 1)
(0 0.313580469 1)
(0.5 0.313580469 1)
(1 0.313580469 1)
(-1 0.3226161598 1)
(-0.5 0.3226161598 1)
(0 0.3226161598 1)
(0.5 0.3226161598 1)
(1 0.3226161598 1)
(-1 0.3317792672 1)
(-0.5 0.3317792672 1)
(0 0.3317792672 1)
(0.5 0.3317792672 1)
(1 0.3317792672 1)
(-1 0.3410715879 1)
(-0.5 0.3410715879 1)
(0 0.3410715879 1)
(0.5 0.3410715879 1)
(1 0.3410715879 1)
(-1 0.3504949441 1)
(-0.5 0.3504949441 1)
(0 0.3504949441 1)
(0.5 0.3504949441 1)
(1 0.3504949441 1)
(-1 0.3600511835 1)
(-0.5 0.3600511835 1)
(0 0.3600511835 1)
(0.5 0.3600511835 1)
(1 0.3600511835 1)
(-1 0.3697421799 1)
(-0.5 0.3697421799 1)
(0 0.3697421799 1)
(0.5 0.3697421799 1)
(1 0.3697421799 1)
(-1 0.3795698336 1)
(-0.5 0.3795698336 1)
(0 0.3795698336 1)
(0.5 0.3795698336 1)
(1 0.3795698336 1)
(-1 0.3895360718 1)
(-0.5 0.3895360718 1)
(0 0.3895360718 1)
(0.5 0.3895360718 1)
(1 0.3895360718 1)
(-1 0.3996428486 1)
(-0.5 0.3996428486 1)
(0 0.3996428486 1)
(0.5 0.3996428486 1)
(1 0.3996428486 1)
(-1 0.4098921459 1)
(-0.5 0.4098921459 1)
(0 0.4098921459 1)
(0.5 0.4098921459 1)
(1 0.4098921459 1)
(-1 0.4202859734 1)
(-0.5 0.4202859734 1)
(0 0.4202859734 1)
(0.5 0.4202859734 1)
(1 0.4202859734 1)
(-1 0.4308263691 1)
(-0.5 0.4308263691 1)
(0 0.4308263691 1)
(0.5 0.4308263691 1)
(1 0.4308263691 1)
(-1 0.4415154 1)
(-0.5 0.4415154 1)
(0 0.4415154 1)
(0.5 0.4415154 1)
(1 0.4415154 1)
(-1 0.452355162 1)
(-0.5 0.452355162 1)
(0 0.452355162 1)
(0.5 0.452355162 1)
(1 0.452355162 1)
(-1 0.4633477806 1)
(-0.5 0.4633477806 1)
(0 0.4633477806 1)
(0.5 0.4633477806 1)
(1 0.4633477806 1)
(-1 0.4744954113 1)
(-0.5 0.4744954113 1)
(0 0.4744954113 1)
(0.5 0.4744954113 1)
(1 0.4744954113 1)
(-1 0.48580024 1)
(-0.5 0.48580024 1)
(0 0.48580024 1)
(0.5 0.48580024 1)
(1 0.48580024 1)
(-1 0.4972644835 1)
(-0.5 0.4972644835 1)
(0 0.4972644835 1)
(0.5 0.4972644835 1)
(1 0.4972644835 1)
(-1 0.5088903898 1)
(-0.5 0.5088903898 1)
(0 0.5088903898 1)
(0.5 0.5088903898 1)
(1 0.5088903898 1)
(-1 0.5206802384 1)
(-0.5 0.5206802384 1)
(0 0.5206802384 1)
(0.5 0.5206802384 1)
(1 0.5206802384 1)
(-1 0.5326363413 1)
(-0.5 0.5326363413 1)
(0 0.5326363413 1)
(0.5 0.5326363413 1)
(1 0.5326363413 1)
(-1 0.5447610429 1)
(-0.5 0.5447610429 1)
(0 0.5447610429 1)
(0.5 0.5447610429 1)
(1 0.5447610429 1)
(-1 0.5570567207 1)
(-0.5 0.5570567207 1)
(0 0.5570567207 1)
(0.5 0.5570567207 1)
(1 0.5570567207 1)
(-1 0.5695257856 1)
(-0.5 0.5695257856 1)
(0 0.5695257856 1)
(0.5 0.5695257856 1)
(1 0.5695257856 1)
(-1 0.5821706827 1)
(-0.5 0.5821706827 1)
(0 0.5821706827 1)
(0.5 0.5821706827 1)
(1 0.5821706827 1)
(-1 0.5949938915 1)
(-0.5 0.5949938915 1)
(0 0.5949938915 1)
(0.5 0.5949938915 1)
(1 0.5949938915 1)
(-1 0.6079979265 1)
(-0.5 0.6079979265 1)
(0 0.6079979265 1)
(0.5 0.6079979265 1)
(1 0.6079979265 1)
(-1 0.6211853375 1)
(-0.5 0.6211853375 1)
(0 0.6211853375 1)
(0.5 0.6211853375 1)
(1 0.6211853375 1)
(-1 0.6345587105 1)
(-0.5 0.6345587105 1)
(0 0.6345587105 1)
(0.5 0.6345587105 1)
(1 0.6345587105 1)
(-1 0.6481206677 1)
(-0.5 0.6481206677 1)
(0 0.6481206677 1)
(0.5 0.6481206677 1)
(1 0.6481206677 1)
(-1 0.6618738685 1)
(-0.5 0.6618738685 1)
(0 0.6618738685 1)
(0.5 0.6618738685 1)
(1 0.6618738685 1)
(-1 0.6758210098 1)
(-0.5 0.6758210098 1)
(0 0.6758210098 1)
(0.5 0.6758210098 1)
(1 0.6758210098 1)
(-1 0.6899648262 1)
(-0.5 0.6899648262 1)
(0 0.6899648262 1)
(0.5 0.6899648262 1)
(1 0.6899648262 1)
(-1 0.7043080914 1)
(-0.5 0.7043080914 1)
(0 0.7043080914 1)
(0.5 0.7043080914 1)
(1 0.7043080914 1)
(-1 0.7188536177 1)
(-0.5 0.7188536177 1)
(0 0.7188536177 1)
(0.5 0.7188536177 1)
(1 0.7188536177 1)
(-1 0.7336042574 1)
(-0.5 0.7336042574 1)
(0 0.7336042574 1)
(0.5 0.7336042574 1)
(1 0.7336042574 1)
(-1 0.7485629029 1)
(-0.5 0.7485629029 1)
(0 0.7485629029 1)
(0.5 0.7485629029 1)
(1 0.7485629029 1)
(-1 0.7637324873 1)
(-0.5 0.7637324873 1)
(0 0.7637324873 1)
(0.5 0.7637324873 1)
(1 0.7637324873 1)
(-1 0.7791159852 1)
(-0.5 0.7791159852 1)
(0 0.7791159852 1)
(0.5 0.7791159852 1)
(1 0.7791159852 1)
(-1 0.7947164131 1)
(-0.5 0.7947164131 1)
(0 0.7947164131 1)
(0.5 0.7947164131 1)
(1 0.7947164131 1)
(-1 0.8105368301 1)
(-0.5 0.8105368301 1)
(0 0.8105368301 1)
(0.5 0.8105368301 1)
(1 0.8105368301 1)
(-1 0.8265803382 1)
(-0.5 0.8265803382 1)
(0 0.8265803382 1)
(0.5 0.8265803382 1)
(1 0.8265803382 1)
(-1 0.8428500835 1)
(-0.5 0.8428500835 1)
(0 0.8428500835 1)
(0.5 0.8428500835 1)
(1 0.8428500835 1)
(-1 0.8593492562 1)
(-0.5 0.8593492562 1)
(0 0.8593492562 1)
(0.5 0.8593492562 1)
(1 0.8593492562 1)
(-1 0.8760810915 1)
(-0.5 0.8760810915 1)
(0 0.8760810915 1)
(0.5 0.8760810915 1)
(1 0.8760810915 1)
(-1 0.8930488703 1)
(-0.5 0.8930488703 1)
(0 0.8930488703 1)
(0.5 0.8930488703 1)
(1 0.8930488703 1)
(-1 0.9102559199 1)
(-0.5 0.9102559199 1)
(0 0.9102559199 1)
(0.5 0.9102559199 1)
(1 0.9102559199 1)
(-1 0.9277056142 1)
(-0.5 0.9277056142 1)
(0 0.9277056142 1)
(0.5 0.9277056142 1)
(1 0.9277056142 1)
(-1 0.945401375 1)
(-0.5 0.945401375 1)
(0 0.945401375 1)
(0.5 0.945401375 1)
(1 0.945401375 1)
(-1 0.963346672 1)
(-0.5 0.963346672 1)
(0 0.963346672 1)
(0.5 0.963346672 1)
(1 0.963346672 1)
(-1 0.9815450242 1)
(-0.5 0.9815450242 1)
(0 0.9815450242 1)
(0.5 0.9815450242 1)
(1 0.9815450242 1)
(-1 1 1)
(-0.5 1 1)
(0 1 1)
(0.5 1 1)
(1 1 1)
)


// ************************************************************************* //
